   0.999734   0.0230482 0.000491545           0
  0.0230488   -0.999734 -0.00122773           0
0.000463117  0.00123874   -0.999999           0
          0           0           0           1