  0.999658  0.0248407 0.00823528          0
  0.024931  -0.999628 -0.0110561          0
0.00795757  0.0112577  -0.999905          0
         0          0          0          1