    0.99985   0.0114737   0.0129375           0
  0.0113827    -0.99991  0.00707979           0
  0.0130176 -0.00693146   -0.999891           0
          0           0           0           1