  0.999851  0.0114454  0.0129115          0
 0.0113548  -0.999911 0.00707496          0
 0.0129914 -0.0069273  -0.999892          0
         0          0          0          1