     0.99965    0.0264376    0.0012633            0
   0.0264385     -0.99965 -0.000672293            0
  0.00124509  0.000705457    -0.999999            0
           0            0            0            1