0.00338254, -0.000938102, -0.565214, 9.64439e-05, 0.00021917, 0.000412132, 0.0316228, 0.0316228, 0.0316228, 0.0316228, 0.0316228, 0.0316228
0.00338254, -0.000938102, -0.565214, 9.64439e-05, 0.00021917, 0.000412132, 0.170851, 0.170851, 0.170851, 0.0316228, 0.0316228, 0.0316228
0.00296049, -0.00106229, -0.565048, 5.363e-05, 0.000328016, 0.000416, 0.191855, 0.191841, 0.19182, 0.0315746, 0.0315757, 0.031607
0.00298012, -0.00171381, -0.563027, -4.15151e-05, 0.000271297, 0.000417708, 0.210395, 0.210383, 0.210111, 0.0314842, 0.0314853, 0.0315912
0.00381479, -0.00202867, -0.559415, -9.1967e-05, 9.32725e-05, 0.000424275, 0.227, 0.226988, 0.225853, 0.0313351, 0.0313367, 0.0315755
0.00325128, -0.001906, -0.55849, -7.06129e-05, 0.000233148, 0.000422955, 0.24224, 0.242073, 0.239349, 0.0311214, 0.0311446, 0.0315597
0.00284155, -0.00122611, -0.557966, 5.09505e-05, 0.0002463, 0.000430404, 0.256455, 0.255965, 0.251174, 0.0308572, 0.0309295, 0.0315442
0.00202708, -0.000401409, -0.557777, 0.000174293, 0.000365836, 0.000422791, 0.269587, 0.268887, 0.261212, 0.0305505, 0.0306582, 0.0315286
0.00117915, 0.000147016, -0.561507, 0.000256157, 0.000541964, 0.000415907, 0.281473, 0.2809, 0.268566, 0.0301963, 0.0302859, 0.031513
0.00167978, 0.00020445, -0.565363, 0.000248867, 0.000448979, 0.000415115, 0.292395, 0.29192, 0.274264, 0.029775, 0.0298509, 0.0314973
0.00164872, -0.000481493, -0.567526, 0.000149792, 0.000469237, 0.000414031, 0.302165, 0.301883, 0.277262, 0.0292861, 0.0293336, 0.0314813
0.00115231, -0.00121884, -0.563686, 5.29121e-05, 0.000518508, 0.000416247, 0.310892, 0.310874, 0.277377, 0.02875, 0.0287547, 0.0314653
0.00117479, -0.00193786, -0.563872, -3.3835e-05, 0.000487594, 0.000409883, 0.318971, 0.319041, 0.277573, 0.0281795, 0.0281664, 0.0314491
0.00132053, -0.00253883, -0.566394, -0.00011552, 0.000506673, 0.000400929, 0.326544, 0.326497, 0.277631, 0.0275729, 0.0275679, 0.0314318
0.00126229, -0.00271144, -0.568488, -0.000123264, 0.000562767, 0.000400429, 0.333907, 0.33339, 0.277748, 0.0269221, 0.0269753, 0.0314127
0.00231539, -0.00218154, -0.570516, -4.18536e-05, 0.000476601, 0.000411341, 0.341071, 0.340003, 0.277845, 0.0262158, 0.0263549, 0.0313913
0.00443109, -0.00107081, -0.571442, 0.0001031, 0.000257513, 0.000428296, 0.34792, 0.346844, 0.277994, 0.0254873, 0.0256436, 0.0313681
0.00648523, -0.000882804, -0.577162, 0.0001575, 0.000112917, 0.000441424, 0.354736, 0.354624, 0.280628, 0.0248575, 0.0248366, 0.0313454
0.00695669, -0.00190398, -0.582346, 4.35738e-05, 0.000145104, 0.000434899, 0.361945, 0.363515, 0.287988, 0.0244259, 0.0240284, 0.0313241
0.00626362, -0.0032782, -0.585648, -0.00015574, 0.000270692, 0.000413562, 0.369354, 0.373009, 0.298697, 0.0241592, 0.0232787, 0.0313031
0.00576428, -0.00473638, -0.587572, -0.000402259, 0.000371493, 0.000374455, 0.376921, 0.382545, 0.310466, 0.0239441, 0.0226351, 0.031282
0.00517762, -0.00612299, -0.588621, -0.000672368, 0.000462851, 0.000322111, 0.384536, 0.39188, 0.321942, 0.0237138, 0.0220731, 0.0312609
0.00489429, -0.00690044, -0.589808, -0.000931725, 0.000510991, 0.000280852, 0.3922, 0.400752, 0.332356, 0.0233888, 0.0215663, 0.0312381
0.00512054, -0.00779864, -0.590115, -0.00113554, 0.00047986, 0.000227412, 0.399908, 0.408686, 0.340681, 0.0228557, 0.0210824, 0.0312074
0.00563678, -0.0100977, -0.589333, -0.00138967, 0.000365239, 0.000138156, 0.407551, 0.414997, 0.345535, 0.0220245, 0.020565, 0.0311607
0.00618609, -0.0116728, -0.589227, -0.00161091, 0.000287684, 9.26226e-05, 0.415207, 0.419179, 0.347052, 0.0209144, 0.0200264, 0.031097
0.0071985, -0.0155785, -0.587893, -0.00194981, 0.000121443, -5.27959e-06, 0.422871, 0.420988, 0.345997, 0.01967, 0.019451, 0.0310161
0.00683588, -0.0192872, -0.584135, -0.0018696, 0.000140668, 1.31493e-05, 0.430527, 0.419579, 0.341855, 0.018446, 0.0188623, 0.0309197
0.00578171, -0.0202172, -0.577582, -0.001277, 0.000259651, 6.51356e-05, 0.438175, 0.415242, 0.336617, 0.0174288, 0.0183509, 0.0307991
0.0051142, -0.0212147, -0.572141, -0.000862767, 0.000318127, 8.26692e-05, 0.445731, 0.410212, 0.334286, 0.0166588, 0.0179579, 0.0306338
0.00490448, -0.0219758, -0.569537, -0.000679624, 0.000343754, 8.37921e-05, 0.453159, 0.406406, 0.336466, 0.016074, 0.0176602, 0.0304069
0.00504289, -0.0233548, -0.567486, -0.000545968, 0.000352488, 6.21558e-05, 0.46044, 0.40401, 0.34204, 0.015612, 0.0174321, 0.0301055
0.00510406, -0.0241352, -0.566047, -0.000440613, 0.000358317, 3.88894e-05, 0.467587, 0.402833, 0.349327, 0.0152684, 0.0172534, 0.0297414
0.00421497, -0.0227669, -0.563085, -0.000188, 0.000387138, 4.38329e-05, 0.474635, 0.402786, 0.357381, 0.01501, 0.0171132, 0.0293274
0.0034836, -0.0226894, -0.560683, -3.42856e-05, 0.000414926, 6.76639e-05, 0.481586, 0.404305, 0.365592, 0.0148218, 0.0170035, 0.0288851
0.00281102, -0.0225652, -0.55777, 0.000126447, 0.000419956, 5.85777e-05, 0.488487, 0.407611, 0.373753, 0.0146823, 0.0169173, 0.0284205
0.00249474, -0.0237989, -0.55609, 0.000183455, 0.000427717, 7.71205e-05, 0.49532, 0.412222, 0.381773, 0.0145657, 0.0168519, 0.0279328
0.0025188, -0.025107, -0.555378, 0.000192671, 0.000423456, 6.42274e-05, 0.502106, 0.417894, 0.389522, 0.0144531, 0.0168031, 0.0274174
0.00258981, -0.0272666, -0.553732, 0.000167545, 0.000416727, 4.13923e-05, 0.508854, 0.424386, 0.39683, 0.0143268, 0.0167675, 0.0268657
0.00249298, -0.0290381, -0.552089, 0.000121569, 0.00040276, 2.93256e-05, 0.515574, 0.43131, 0.403294, 0.0141645, 0.0167415, 0.0262849
0.00235525, -0.030282, -0.55094, 2.26177e-05, 0.000387922, 3.96936e-06, 0.522262, 0.438436, 0.408517, 0.0139368, 0.0167213, 0.0256915
0.00220136, -0.0307265, -0.550212, -8.49781e-05, 0.000375166, -2.0664e-05, 0.528921, 0.445754, 0.411893, 0.013622, 0.0167028, 0.0251136
0.0021905, -0.0300543, -0.551734, -0.000117737, 0.000362819, -5.71336e-05, 0.535547, 0.453337, 0.412698, 0.0132115, 0.0166834, 0.0245775
0.00237161, -0.0285131, -0.556285, -0.000182688, 0.000345426, -9.54204e-05, 0.542092, 0.461167, 0.410485, 0.0127245, 0.016663, 0.0241034
0.0027033, -0.0276228, -0.561279, -0.000190433, 0.000329979, -0.00015418, 0.548514, 0.469197, 0.404821, 0.0122108, 0.0166421, 0.0237118
0.00332221, -0.0275064, -0.567308, -0.000122729, 0.000330819, -0.000177614, 0.554816, 0.477333, 0.395708, 0.0117166, 0.0166196, 0.0234097
0.00383687, -0.0278345, -0.571274, -5.73163e-05, 0.000319557, -0.000206122, 0.561064, 0.48512, 0.382774, 0.0112138, 0.0165891, 0.0231942
0.00445968, -0.0279994, -0.573256, -1.87185e-05, 0.000289714, -0.000255135, 0.567266, 0.491913, 0.368235, 0.010707, 0.0165468, 0.0230541
0.00494351, -0.0281498, -0.574618, 2.50942e-05, 0.000262439, -0.000272562, 0.57337, 0.497245, 0.354495, 0.0102291, 0.0164923, 0.0229724
0.00531274, -0.0282141, -0.576104, 0.0001003, 0.0002562, -0.000262204, 0.579264, 0.50038, 0.341894, 0.00981405, 0.0164245, 0.022932
0.00556532, -0.0274554, -0.576615, 0.000151856, 0.000246483, -0.00025151, 0.584881, 0.500117, 0.330167, 0.00944979, 0.0163385, 0.0229122
0.00553628, -0.0254012, -0.575913, 0.000174099, 0.000232167, -0.000239293, 0.590299, 0.496245, 0.320397, 0.00911126, 0.0162295, 0.0228954
0.00570457, -0.0230488, -0.574846, 0.000177652, 0.000192417, -0.000222674, 0.595633, 0.48916, 0.313435, 0.0087859, 0.016094, 0.0228686
0.00566794, -0.0201435, -0.573454, 0.000162828, 0.000157146, -0.00020732, 0.600917, 0.479287, 0.309447, 0.00847747, 0.01593, 0.0228177
0.00588064, -0.0176691, -0.571674, 0.000126327, 9.48969e-05, -0.000167988, 0.606124, 0.467069, 0.308175, 0.00819337, 0.0157382, 0.0227249
0.00615697, -0.0154178, -0.569503, 7.67643e-05, 3.17325e-05, -0.000119259, 0.61121, 0.45312, 0.308975, 0.00793582, 0.0155201, 0.0225702
0.00591612, -0.0112083, -0.570452, 8.76824e-05, 3.00237e-05, -0.000116054, 0.61615, 0.438352, 0.311178, 0.00770544, 0.0152824, 0.0223436
0.00567991, -0.00673747, -0.57139, 8.69365e-05, 2.3674e-05, -0.000107805, 0.620975, 0.42368, 0.314345, 0.00750388, 0.0150326, 0.0220458
0.00562686, -0.00226596, -0.572423, 8.15478e-05, 9.9998e-06, -8.64614e-05, 0.625717, 0.40988, 0.318299, 0.00733414, 0.0147802, 0.0216869
0.00550948, 0.0015589, -0.573335, 7.37048e-05, 6.19067e-06, -7.91635e-05, 0.63042, 0.397675, 0.322829, 0.00719817, 0.0145331, 0.0212819
0.00538149, 0.00486042, -0.573268, 5.36434e-05, -1.40369e-05, -5.31717e-05, 0.635163, 0.387751, 0.327752, 0.00709401, 0.0142951, 0.0208468
0.00524002, 0.00657817, -0.573044, 4.18155e-05, -1.31893e-05, -5.50048e-05, 0.639992, 0.380529, 0.332781, 0.00701965, 0.0140703, 0.020401
0.00508479, 0.00827325, -0.572143, 2.56489e-05, -1.52184e-05, -5.29787e-05, 0.644883, 0.376085, 0.337733, 0.00697158, 0.0138646, 0.0199637
0.00505938, 0.00875227, -0.571555, 1.90515e-05, -1.55146e-05, -5.00216e-05, 0.649771, 0.374383, 0.342429, 0.00694371, 0.0136822, 0.0195501
0.00529456, 0.00753553, -0.572081, 2.17304e-05, 6.0915e-06, -7.48821e-05, 0.65458, 0.375481, 0.346638, 0.00693073, 0.0135274, 0.0191705
0.00581081, 0.00465515, -0.57429, 1.86824e-05, 2.6117e-05, -0.000100104, 0.65926, 0.379121, 0.350129, 0.00691941, 0.0133978, 0.01883
0.0059968, 0.00278112, -0.575253, 5.40154e-06, 4.0178e-05, -0.00012496, 0.663859, 0.384499, 0.352648, 0.00689597, 0.0132868, 0.0185309
0.00614853, 0.00177983, -0.574367, -1.02133e-05, 4.45643e-05, -0.000131997, 0.668473, 0.390767, 0.35388, 0.0068505, 0.0131876, 0.0182765
0.00634144, 0.000707075, -0.572679, -3.37954e-05, 4.39528e-05, -0.000128915, 0.67315, 0.397493, 0.353651, 0.00677936, 0.0130952, 0.0180655
0.00619913, -0.000934007, -0.571515, -7.28264e-05, 5.4571e-05, -0.000147349, 0.677863, 0.4048, 0.352005, 0.0066832, 0.0130101, 0.0178948
0.00563132, -0.0023322, -0.57046, -0.000107079, 7.84902e-05, -0.000183459, 0.682566, 0.41263, 0.348003, 0.00655822, 0.0129339, 0.0177629
0.00508714, -0.00403675, -0.568897, -0.000142106, 0.000100527, -0.000215331, 0.687246, 0.420289, 0.341274, 0.00640425, 0.0128632, 0.0176641
0.00433097, -0.00546878, -0.567758, -0.000164526, 0.000127986, -0.000248148, 0.691916, 0.427048, 0.333089, 0.00623309, 0.0127941, 0.0175966
0.00359106, -0.00699404, -0.566405, -0.000174963, 0.000148856, -0.000268819, 0.696607, 0.432305, 0.324872, 0.00605516, 0.0127238, 0.017556
0.00298784, -0.00865207, -0.565412, -0.000186387, 0.000169952, -0.000283513, 0.701353, 0.435663, 0.318018, 0.005878, 0.0126506, 0.0175343
0.00248162, -0.00995995, -0.564656, -0.000189648, 0.000191828, -0.000292114, 0.706215, 0.436903, 0.313301, 0.00570945, 0.0125718, 0.0175237
0.00209711, -0.012338, -0.564291, -0.000204131, 0.000200643, -0.000297766, 0.711222, 0.435836, 0.310613, 0.00555167, 0.012484, 0.0175188
0.00185126, -0.0146584, -0.563989, -0.00021091, 0.000206625, -0.000297493, 0.716359, 0.43235, 0.309725, 0.00540311, 0.0123884, 0.017516
0.00171578, -0.0167161, -0.564209, -0.000220289, 0.000218161, -0.000294128, 0.721573, 0.426488, 0.310559, 0.00526217, 0.0122894, 0.017512
0.00195987, -0.0183798, -0.566117, -0.000247246, 0.000216396, -0.000292285, 0.726812, 0.418465, 0.312909, 0.0051278, 0.0121929, 0.0175029
0.00189171, -0.0182925, -0.565983, -0.000245697, 0.000218115, -0.000290687, 0.732033, 0.408667, 0.316356, 0.00500218, 0.0121011, 0.017485
0.00171067, -0.0182101, -0.565226, -0.000238613, 0.000225761, -0.000285393, 0.737196, 0.397552, 0.320366, 0.00488819, 0.0120128, 0.0174562
0.00121153, -0.015951, -0.563487, -0.000228832, 0.000221284, -0.00028773, 0.742254, 0.385731, 0.324597, 0.00478688, 0.0119299, 0.017414
0.00050249, -0.0138424, -0.561346, -0.000219225, 0.000221903, -0.000280221, 0.747171, 0.374073, 0.328876, 0.00469827, 0.011856, 0.0173556
-0.000482336, -0.0112395, -0.558875, -0.000211633, 0.00021698, -0.000269505, 0.751926, 0.363598, 0.333126, 0.00462511, 0.0117901, 0.0172844
-0.00240474, -0.00781626, -0.554117, -0.000193252, 0.000196289, -0.000256482, 0.756552, 0.355193, 0.337419, 0.00456784, 0.0117287, 0.0172026
-0.00370281, -0.00543706, -0.551417, -0.000187123, 0.000183671, -0.000243594, 0.761096, 0.349704, 0.341832, 0.00452573, 0.0116687, 0.0171105
-0.00460138, -0.00418451, -0.549486, -0.0001811, 0.000170784, -0.000240472, 0.765628, 0.347261, 0.34641, 0.00449498, 0.0116129, 0.0170012
-0.00460293, -0.0043618, -0.549466, -0.000177327, 0.000162821, -0.000260014, 0.770177, 0.347212, 0.351041, 0.00447149, 0.0115663, 0.0168673
-0.00451556, -0.0049642, -0.548836, -0.00017008, 0.000150937, -0.000292181, 0.774719, 0.348814, 0.355467, 0.00445202, 0.0115308, 0.0167041
-0.00395347, -0.00708808, -0.549149, -0.000170104, 0.000149195, -0.000321296, 0.77919, 0.351572, 0.359157, 0.00443325, 0.0115051, 0.0165129
-0.00407163, -0.00671162, -0.54931, -0.000167455, 0.000143774, -0.00033115, 0.783516, 0.355172, 0.361616, 0.00441068, 0.0114865, 0.0163002
-0.00454244, -0.00570774, -0.550478, -0.000163427, 0.000137157, -0.000328886, 0.787595, 0.359499, 0.362552, 0.00438021, 0.0114714, 0.0160803
-0.00504056, -0.00456702, -0.551977, -0.000155536, 0.000130232, -0.000327734, 0.791346, 0.364671, 0.361706, 0.00433925, 0.0114565, 0.0158688
-0.0059149, -0.0034939, -0.553874, -0.000142979, 0.000116725, -0.000324586, 0.794834, 0.370912, 0.358472, 0.00428387, 0.0114394, 0.0156807
-0.00679579, -0.00245192, -0.556159, -0.000123098, 9.92211e-05, -0.000332995, 0.798126, 0.378069, 0.352904, 0.00421124, 0.0114193, 0.015522
-0.00840305, -0.00124999, -0.559321, -9.2587e-05, 7.5488e-05, -0.000329591, 0.80121, 0.385617, 0.345649, 0.00412413, 0.0113959, 0.015396
-0.00950339, -0.000682344, -0.561902, -6.86154e-05, 5.61097e-05, -0.000333711, 0.804055, 0.392962, 0.337615, 0.00403204, 0.0113689, 0.0153059
-0.00985798, -0.000363617, -0.563456, -5.18515e-05, 3.98935e-05, -0.000347121, 0.806756, 0.399363, 0.329134, 0.00393902, 0.011338, 0.015251
-0.0102932, 0.000137669, -0.564658, -3.56514e-05, 2.23529e-05, -0.000357188, 0.809495, 0.404361, 0.320972, 0.00384284, 0.0113034, 0.015222
-0.0108605, 0.000489171, -0.566097, -1.88548e-05, 3.19233e-06, -0.000363312, 0.812246, 0.407539, 0.313835, 0.00374591, 0.0112635, 0.015209
-0.0112175, 0.00103751, -0.567402, -3.11936e-06, -2.29689e-05, -0.000368667, 0.814903, 0.408415, 0.308086, 0.0036524, 0.0112183, 0.0152044
-0.011781, 0.00119112, -0.568769, 9.90139e-06, -4.44005e-05, -0.000367918, 0.817509, 0.406679, 0.303994, 0.00356561, 0.0111671, 0.0152003
-0.0121609, 0.0021822, -0.569273, 1.54922e-05, -6.69688e-05, -0.000362341, 0.820106, 0.40229, 0.301398, 0.00348786, 0.0111061, 0.0151876
-0.0124081, 0.00385742, -0.569327, 1.57395e-05, -9.02449e-05, -0.000349812, 0.822621, 0.395677, 0.29991, 0.00342014, 0.0110345, 0.0151573
-0.0131019, 0.00528501, -0.570091, 1.94959e-05, -0.000112881, -0.00033902, 0.825143, 0.387833, 0.299497, 0.00336463, 0.0109559, 0.015098
-0.013621, 0.00448173, -0.572579, 3.30715e-05, -0.000128551, -0.000330806, 0.827715, 0.38051, 0.30002, 0.00332161, 0.0108712, 0.0150028
-0.013396, 0.00482614, -0.57232, 2.98673e-05, -0.000144703, -0.000306908, 0.830534, 0.374992, 0.301777, 0.00328902, 0.0107848, 0.0148771
-0.0126886, 0.00420127, -0.572426, 2.93249e-05, -0.000154331, -0.000282816, 0.83352, 0.371587, 0.304294, 0.00326544, 0.0107, 0.0147313
-0.0117034, 0.00265541, -0.572686, 3.0091e-05, -0.0001597, -0.000257242, 0.836508, 0.369923, 0.307237, 0.00324837, 0.0106232, 0.0145768
-0.0103234, -0.000185869, -0.573401, 3.32708e-05, -0.000149615, -0.000244864, 0.839292, 0.369382, 0.309857, 0.00323564, 0.0105562, 0.0144271
-0.00923484, -0.00179425, -0.572241, 2.98803e-05, -0.000140725, -0.000233695, 0.841836, 0.369196, 0.311434, 0.00322517, 0.0104918, 0.0142952
-0.00963756, -0.00138632, -0.569129, 2.37127e-05, -0.000136071, -0.00024106, 0.844063, 0.368877, 0.311761, 0.00321546, 0.0104214, 0.0141867
-0.00991194, -0.00151644, -0.567025, 1.98846e-05, -0.000127018, -0.00025315, 0.845884, 0.368747, 0.311064, 0.0032064, 0.0103417, 0.0141016
-0.0105003, -0.00161964, -0.564927, 1.6987e-05, -0.000118163, -0.000268758, 0.847275, 0.369329, 0.309915, 0.00319791, 0.0102535, 0.0140357
-0.0121114, -0.0007448, -0.56229, 1.68269e-05, -0.000123615, -0.000279268, 0.848503, 0.370995, 0.308687, 0.00318967, 0.0101606, 0.0139851
-0.0139558, 0.000319032, -0.560341, 1.96923e-05, -0.000125973, -0.000291665, 0.849741, 0.373849, 0.30757, 0.00318099, 0.0100639, 0.0139477
-0.0151165, 0.0009975, -0.55922, 2.18847e-05, -0.000122315, -0.000299891, 0.851223, 0.377828, 0.306601, 0.00317091, 0.00996534, 0.0139212
-0.0149275, 0.00340117, -0.560143, 2.57502e-05, -8.7511e-05, -0.000305928, 0.853004, 0.382785, 0.30569, 0.00315806, 0.00986803, 0.0139025
-0.0143632, 0.00588224, -0.560337, 2.8361e-05, -4.34352e-05, -0.00031, 0.854881, 0.388406, 0.304688, 0.003142, 0.00977181, 0.013889
-0.0130097, 0.00806453, -0.56029, 3.01362e-05, 2.66914e-06, -0.000310726, 0.856102, 0.394443, 0.30374, 0.00312371, 0.009667, 0.0138784
-0.00955483, 0.00996824, -0.562975, 2.16505e-05, 6.35786e-05, -0.000310024, 0.855985, 0.400531, 0.302843, 0.00310393, 0.00954546, 0.01387
-0.00604552, 0.0118195, -0.564559, 1.34262e-05, 0.000127019, -0.000312964, 0.853218, 0.406176, 0.301744, 0.00308291, 0.00939229, 0.0138635
-0.00494582, 0.0124489, -0.562157, 1.91545e-05, 0.000151301, -0.000316956, 0.845315, 0.411087, 0.300467, 0.00306132, 0.00918211, 0.013858
-0.00367264, 0.0129937, -0.560244, 2.24368e-05, 0.000176682, -0.000322034, 0.829204, 0.414447, 0.298821, 0.00304011, 0.0088819, 0.0138521
-0.00440415, 0.0127675, -0.560903, 2.05913e-05, 0.000168956, -0.000323001, 0.802091, 0.415644, 0.296912, 0.00302044, 0.00845872, 0.0138447
-0.00693245, 0.011796, -0.560526, 2.31529e-05, 0.0001385, -0.000320247, 0.764021, 0.415057, 0.295109, 0.00300208, 0.00791349, 0.0138361
-0.0100962, 0.0104774, -0.559745, 2.75303e-05, 9.9818e-05, -0.000316249, 0.719331, 0.413897, 0.293487, 0.00298332, 0.00729862, 0.013828
-0.014425, 0.00938445, -0.562497, 2.38992e-05, 4.96227e-05, -0.000313279, 0.674321, 0.41353, 0.291974, 0.00296254, 0.00669349, 0.0138217
-0.0169513, 0.00828116, -0.561517, 2.87181e-05, 2.01266e-05, -0.000311016, 0.633393, 0.414596, 0.291006, 0.00293967, 0.0061572, 0.013817
-0.0189941, 0.00755762, -0.560952, 3.17229e-05, -1.56245e-06, -0.000311111, 0.598156, 0.416545, 0.290479, 0.00291426, 0.00571478, 0.0138138
-0.0204759, 0.00687352, -0.560151, 3.53649e-05, -1.74383e-05, -0.000313005, 0.568236, 0.418608, 0.290009, 0.0028865, 0.00536323, 0.0138113
-0.0211168, 0.00629878, -0.559548, 3.87205e-05, -2.60951e-05, -0.000314451, 0.542429, 0.42021, 0.2895, 0.00285767, 0.00508738, 0.0138083
-0.0210166, 0.00564043, -0.559231, 4.21859e-05, -2.94652e-05, -0.000315846, 0.519491, 0.420966, 0.288544, 0.00282867, 0.00486989, 0.0138042
-0.0196251, 0.00419153, -0.557742, 4.91099e-05, -2.53554e-05, -0.000316681, 0.49848, 0.420875, 0.287193, 0.00280114, 0.00469558, 0.0137988
-0.0193901, 0.00419346, -0.558244, 4.89234e-05, -2.4032e-05, -0.000317633, 0.478918, 0.420268, 0.285741, 0.00277657, 0.00455252, 0.0137922
-0.0183561, 0.00422119, -0.560394, 4.74301e-05, -1.88644e-05, -0.000315574, 0.460858, 0.419536, 0.284478, 0.0027559, 0.00443519, 0.0137842
-0.0165202, 0.00337535, -0.562055, 4.85876e-05, -1.0843e-05, -0.000312898, 0.44464, 0.419108, 0.283717, 0.00274015, 0.00434277, 0.0137754
-0.0152452, 0.00265283, -0.563139, 4.96787e-05, -5.52348e-06, -0.000311596, 0.430679, 0.419385, 0.283325, 0.00272919, 0.00427309, 0.0137663
-0.0137236, 0.00128263, -0.564283, 5.21455e-05, -3.40322e-08, -0.000311757, 0.419366, 0.420606, 0.283215, 0.0027223, 0.00422389, 0.0137584
-0.0120944, 7.79976e-05, -0.564497, 5.36783e-05, 5.84511e-06, -0.000310254, 0.411023, 0.42283, 0.283286, 0.0027188, 0.00419341, 0.0137538
-0.0110787, -0.000983467, -0.565038, 5.47764e-05, 8.98786e-06, -0.000311114, 0.405829, 0.425882, 0.283413, 0.0027175, 0.00417851, 0.0137516
-0.0108911, -0.00200207, -0.563829, 5.53385e-05, 9.59731e-06, -0.000312411, 0.403699, 0.429415, 0.283559, 0.00271712, 0.0041744, 0.0137502
-0.0112374, -0.00300387, -0.563437, 5.46531e-05, 1.07363e-05, -0.000313435, 0.404306, 0.432882, 0.283683, 0.00271648, 0.00417384, 0.0137484
-0.0117551, -0.00351233, -0.563106, 5.4019e-05, 1.33128e-05, -0.000313354, 0.407266, 0.435666, 0.28372, 0.00271494, 0.00416763, 0.0137454
-0.0122078, -0.00391309, -0.563366, 5.36315e-05, 1.7028e-05, -0.000312765, 0.412045, 0.43712, 0.283729, 0.00271209, 0.00414627, 0.0137411
-0.0126206, -0.00437561, -0.56473, 5.37623e-05, 2.19282e-05, -0.000312806, 0.418109, 0.436713, 0.283742, 0.00270735, 0.00410213, 0.0137358
-0.012886, -0.00489906, -0.564308, 5.42289e-05, 2.86003e-05, -0.000314267, 0.424855, 0.434271, 0.283748, 0.00269951, 0.00403107, 0.0137304
-0.013185, -0.00582461, -0.564063, 5.44653e-05, 3.99183e-05, -0.000316166, 0.431483, 0.429961, 0.283748, 0.00268747, 0.00393311, 0.0137262
-0.0137479, -0.00609964, -0.563837, 5.74602e-05, 4.96614e-05, -0.000315153, 0.437389, 0.424186, 0.283827, 0.00267156, 0.00381338, 0.0137228
-0.0142297, -0.00701897, -0.563415, 5.99598e-05, 6.35346e-05, -0.000313452, 0.442022, 0.417553, 0.28419, 0.00265241, 0.00368078, 0.0137198
-0.0147553, -0.00730857, -0.564087, 6.39208e-05, 7.51138e-05, -0.000309512, 0.445446, 0.410505, 0.284879, 0.00263189, 0.00354611, 0.0137161
-0.0154969, -0.00747558, -0.564589, 6.84398e-05, 8.20064e-05, -0.00030453, 0.448166, 0.40351, 0.285337, 0.00261115, 0.00341686, 0.01371
-0.0163779, -0.00705868, -0.564986, 7.24373e-05, 8.06519e-05, -0.000299475, 0.44988, 0.396873, 0.285294, 0.00258909, 0.00329539, 0.0137015
-0.0173049, -0.00669418, -0.564657, 7.57075e-05, 7.81571e-05, -0.000294712, 0.450105, 0.390708, 0.284964, 0.00256415, 0.00318369, 0.0136926
-0.0173862, -0.00609748, -0.563671, 7.45195e-05, 7.43294e-05, -0.000292453, 0.44858, 0.384953, 0.284387, 0.00253505, 0.00308351, 0.0136849
-0.0173431, -0.00580598, -0.562614, 7.34776e-05, 7.30701e-05, -0.00029088, 0.445004, 0.379606, 0.28379, 0.00250233, 0.00299584, 0.0136802
-0.0169787, -0.00549018, -0.562096, 7.13071e-05, 7.22701e-05, -0.000288907, 0.439205, 0.374537, 0.283358, 0.00246761, 0.00292047, 0.0136777
-0.0165328, -0.00522448, -0.561896, 6.9182e-05, 7.20932e-05, -0.000287158, 0.431269, 0.369411, 0.283082, 0.00243197, 0.0028559, 0.0136755
-0.0162622, -0.00500944, -0.561789, 6.78764e-05, 7.1967e-05, -0.000285827, 0.421476, 0.364217, 0.282911, 0.00239649, 0.00279982, 0.0136729
-0.0159401, -0.00375449, -0.563413, 6.47073e-05, 6.88468e-05, -0.000285067, 0.410479, 0.359213, 0.282745, 0.00236333, 0.00275064, 0.0136705
-0.015349, -0.00307469, -0.564416, 6.21854e-05, 6.87562e-05, -0.000284729, 0.399125, 0.354717, 0.282512, 0.00233474, 0.0027074, 0.0136686
-0.0146996, -0.00234118, -0.563442, 5.9014e-05, 6.88381e-05, -0.000281756, 0.388116, 0.350876, 0.282253, 0.00231172, 0.00267011, 0.0136666
-0.0150506, -0.00193886, -0.563487, 5.8595e-05, 6.68813e-05, -0.000279778, 0.378114, 0.347797, 0.281957, 0.00229404, 0.00263903, 0.0136639
-0.0156721, -0.00134216, -0.56472, 5.81859e-05, 6.3758e-05, -0.000276974, 0.369703, 0.345647, 0.281566, 0.00228086, 0.00261442, 0.0136605
-0.0155399, -0.00069578, -0.565824, 5.68568e-05, 6.29876e-05, -0.00027633, 0.363197, 0.344519, 0.281154, 0.00227188, 0.00259624, 0.0136564
-0.0156276, -0.00019004, -0.565939, 5.58652e-05, 6.24197e-05, -0.000274303, 0.358588, 0.344368, 0.280875, 0.00226677, 0.00258445, 0.0136519
-0.0155111, -0.000174539, -0.563811, 5.58765e-05, 6.29472e-05, -0.000273283, 0.35582, 0.345107, 0.280768, 0.00226454, 0.00257835, 0.0136466
-0.0154018, 0.00018742, -0.562421, 5.59259e-05, 6.32393e-05, -0.00027307, 0.354973, 0.346554, 0.280729, 0.00226385, 0.00257619, 0.0136394
-0.0154854, 0.00035423, -0.560425, 5.62865e-05, 6.36586e-05, -0.000272289, 0.355976, 0.348431, 0.280693, 0.0022633, 0.00257584, 0.0136274
-0.0157244, 0.000952239, -0.560223, 5.60829e-05, 6.4504e-05, -0.000270061, 0.35855, 0.350417, 0.280629, 0.00226144, 0.0025749, 0.0136085
-0.0156851, 0.00137883, -0.562291, 5.61896e-05, 6.48216e-05, -0.00027036, 0.362183, 0.352217, 0.28061, 0.00225731, 0.00257093, 0.0135901
-0.0154633, 0.00156049, -0.564136, 5.6801e-05, 6.4823e-05, -0.000271944, 0.366555, 0.353649, 0.280664, 0.00224994, 0.00256158, 0.0135774
-0.0152589, 0.00136803, -0.565135, 5.66241e-05, 6.39639e-05, -0.000273704, 0.371479, 0.354614, 0.28068, 0.00223905, 0.00254565, 0.0135704
-0.0148564, 0.000860437, -0.564231, 5.74952e-05, 6.07004e-05, -0.000275581, 0.376663, 0.355179, 0.280772, 0.00222528, 0.00252241, 0.013568
-0.0147553, 6.08919e-05, -0.564868, 5.67638e-05, 5.82268e-05, -0.000276006, 0.381892, 0.355452, 0.280971, 0.00220942, 0.00249305, 0.0135666
-0.0146342, -0.00069849, -0.565778, 5.64317e-05, 5.52553e-05, -0.000276264, 0.386932, 0.355455, 0.281073, 0.00219259, 0.00246052, 0.0135652
-0.014511, -0.00134125, -0.566185, 5.66798e-05, 5.23128e-05, -0.000276351, 0.391437, 0.355173, 0.281033, 0.0021756, 0.00242714, 0.0135633
-0.0142726, -0.00182131, -0.565628, 5.76935e-05, 4.99279e-05, -0.000276543, 0.39506, 0.354587, 0.280925, 0.0021591, 0.00239447, 0.0135607
-0.0143725, -0.00227003, -0.564878, 5.758e-05, 4.83862e-05, -0.000277526, 0.397506, 0.353693, 0.280738, 0.00214354, 0.0023634, 0.0135574
-0.0146256, -0.00270619, -0.563785, 5.72584e-05, 4.70591e-05, -0.000279973, 0.398492, 0.35249, 0.280531, 0.00212961, 0.00233411, 0.0135527
-0.0148346, -0.00285241, -0.563318, 5.71154e-05, 4.6661e-05, -0.000282958, 0.397769, 0.350929, 0.280346, 0.00211787, 0.00230748, 0.0135453
-0.0149306, -0.00275022, -0.563295, 5.70094e-05, 4.70172e-05, -0.000284997, 0.395256, 0.348993, 0.280198, 0.00210823, 0.00228447, 0.0135349
-0.0147477, -0.00311475, -0.56295, 5.78381e-05, 4.6386e-05, -0.000285314, 0.391068, 0.346784, 0.280093, 0.00210058, 0.00226494, 0.0135206
-0.0144778, -0.00340479, -0.562536, 5.85595e-05, 4.6069e-05, -0.000284396, 0.385476, 0.344455, 0.28005, 0.00209489, 0.00224822, 0.0135007
-0.013613, -0.00393808, -0.561421, 5.99313e-05, 4.61017e-05, -0.000279386, 0.379011, 0.342184, 0.280039, 0.0020908, 0.00223413, 0.0134769
-0.0129938, -0.00432451, -0.560848, 6.08169e-05, 4.63539e-05, -0.000276141, 0.372353, 0.340194, 0.280041, 0.00208796, 0.00222248, 0.0134541
-0.0125895, -0.00457881, -0.560612, 6.13603e-05, 4.66532e-05, -0.000274926, 0.366106, 0.338733, 0.280087, 0.00208619, 0.00221333, 0.0134338
-0.0123473, -0.00500455, -0.55999, 6.18515e-05, 4.65916e-05, -0.000273958, 0.360838, 0.337988, 0.280154, 0.00208519, 0.00220696, 0.0134167
-0.012122, -0.00523472, -0.559151, 6.20404e-05, 4.67083e-05, -0.000273078, 0.356928, 0.338047, 0.280249, 0.00208468, 0.00220341, 0.0134031
-0.0121533, -0.00539554, -0.559359, 6.18818e-05, 4.6762e-05, -0.000273445, 0.354542, 0.338808, 0.280351, 0.00208432, 0.00220217, 0.0133933
-0.012197, -0.0055014, -0.56165, 6.21236e-05, 4.69178e-05, -0.000275114, 0.353668, 0.339971, 0.28037, 0.00208374, 0.00220201, 0.0133826
-0.0122875, -0.00586035, -0.562322, 6.24496e-05, 4.72238e-05, -0.000277301, 0.35414, 0.341362, 0.280369, 0.00208306, 0.0022015, 0.0133684
-0.0121796, -0.00625217, -0.5631, 6.26526e-05, 4.74878e-05, -0.000279623, 0.35563, 0.34278, 0.280412, 0.00208248, 0.00219978, 0.0133517
-0.012094, -0.0065801, -0.56367, 6.27313e-05, 4.79923e-05, -0.000282669, 0.357879, 0.344123, 0.280499, 0.002082, 0.00219608, 0.0133345
-0.0124769, -0.00675876, -0.563366, 6.30219e-05, 4.8887e-05, -0.000284782, 0.360765, 0.345442, 0.280643, 0.00208147, 0.00218963, 0.0133188
-0.0127597, -0.00671294, -0.563014, 6.34357e-05, 4.92766e-05, -0.000284404, 0.364143, 0.346739, 0.280888, 0.00208065, 0.00218025, 0.013305
-0.0135891, -0.00668279, -0.563424, 6.39967e-05, 5.16113e-05, -0.000279691, 0.367931, 0.348045, 0.281272, 0.00207908, 0.00216802, 0.0132934
-0.0144151, -0.00700795, -0.56273, 6.45221e-05, 5.36345e-05, -0.000276065, 0.372055, 0.349336, 0.281687, 0.00207639, 0.00215312, 0.0132829
-0.0147815, -0.00710088, -0.564826, 6.4948e-05, 5.61266e-05, -0.000271071, 0.376275, 0.35056, 0.281968, 0.00207268, 0.00213589, 0.0132724
-0.0146772, -0.00753219, -0.565137, 6.44643e-05, 5.7472e-05, -0.000270799, 0.380233, 0.351589, 0.281986, 0.00206853, 0.00211687, 0.0132592
-0.0147276, -0.00754336, -0.564633, 6.44515e-05, 5.74459e-05, -0.000269657, 0.383394, 0.352171, 0.281886, 0.00206394, 0.00209704, 0.0132453
-0.0148507, -0.00761212, -0.564739, 6.4601e-05, 5.76038e-05, -0.000267678, 0.385383, 0.352143, 0.281745, 0.0020587, 0.00207684, 0.0132319
-0.0149966, -0.00766255, -0.565406, 6.47698e-05, 5.75733e-05, -0.000264789, 0.38579, 0.35133, 0.281658, 0.00205267, 0.00205691, 0.0132196
-0.0151465, -0.00703746, -0.565314, 6.425e-05, 5.55634e-05, -0.000261596, 0.384281, 0.349558, 0.281646, 0.00204592, 0.00203777, 0.0132076
-0.0149649, -0.00631371, -0.564507, 6.29969e-05, 5.41054e-05, -0.000259904, 0.381061, 0.346892, 0.28151, 0.0020384, 0.00201976, 0.0131963
-0.0142187, -0.00532365, -0.563229, 6.07872e-05, 5.34811e-05, -0.000260973, 0.376408, 0.343657, 0.281319, 0.00203086, 0.00200321, 0.0131883
-0.0136414, -0.00470381, -0.561605, 5.92151e-05, 5.35023e-05, -0.00026162, 0.370688, 0.340198, 0.28119, 0.00202435, 0.00198802, 0.013182
-0.0136182, -0.0044607, -0.560753, 5.87517e-05, 5.30914e-05, -0.00026045, 0.36438, 0.33682, 0.281157, 0.00201903, 0.0019742, 0.0131758
-0.0130849, -0.00430181, -0.561173, 5.80223e-05, 5.38103e-05, -0.000260715, 0.358132, 0.333758, 0.281121, 0.00201484, 0.00196183, 0.013169
-0.0129392, -0.00347596, -0.560505, 5.71454e-05, 5.32354e-05, -0.000261699, 0.35234, 0.331172, 0.281089, 0.00201152, 0.00195123, 0.0131632
-0.0127567, -0.00297899, -0.560448, 5.65942e-05, 5.30201e-05, -0.000261409, 0.347311, 0.329178, 0.281095, 0.00200863, 0.00194272, 0.0131602
-0.0131431, -0.00255785, -0.561599, 5.64949e-05, 5.22376e-05, -0.000260948, 0.343348, 0.327813, 0.281025, 0.00200605, 0.00193633, 0.0131583
-0.012782, -0.00208996, -0.560904, 5.58414e-05, 5.23469e-05, -0.000259804, 0.340469, 0.327048, 0.280922, 0.00200391, 0.00193201, 0.0131557
-0.0123695, -0.00153731, -0.56234, 5.55279e-05, 5.22956e-05, -0.000259313, 0.33861, 0.326801, 0.28086, 0.00200251, 0.00192956, 0.0131526
-0.0122767, -0.000968581, -0.564166, 5.53353e-05, 5.17134e-05, -0.000257793, 0.337846, 0.326954, 0.280663, 0.00200185, 0.00192833, 0.0131491
-0.0124361, -0.000566832, -0.564476, 5.51882e-05, 5.14502e-05, -0.000256148, 0.338162, 0.327435, 0.280346, 0.00200152, 0.00192748, 0.0131434
-0.0126526, -3.53029e-05, -0.565108, 5.52461e-05, 5.10862e-05, -0.000254677, 0.339393, 0.328182, 0.28005, 0.00200097, 0.00192646, 0.0131336
0.0158762, 0.0117665, -0.562477, 7.87741e-05, 3.45226e-05, -0.000370408, 0.341108, 0.328969, 0.279803, 0.00200016, 0.00192488, 0.0131247
0.00416934, 0.00703824, -0.56319, 6.51911e-05, 4.26588e-05, -0.000306677, 0.342652, 0.329652, 0.279645, 0.00199892, 0.00192299, 0.0131224
-0.00435386, 0.00409199, -0.563458, 5.83954e-05, 5.27693e-05, -0.000302286, 0.343923, 0.330355, 0.279592, 0.00199618, 0.00192047, 0.0131185
-0.0100571, 0.002159, -0.564127, 5.33631e-05, 6.05711e-05, -0.000305706, 0.345268, 0.331321, 0.27958, 0.00199251, 0.0019169, 0.0131113
-0.0135825, 0.0012411, -0.564703, 5.0513e-05, 6.59035e-05, -0.000313566, 0.346768, 0.332613, 0.279577, 0.00198878, 0.00191233, 0.0131028
-0.015462, 0.000385498, -0.564415, 4.85995e-05, 6.86088e-05, -0.00031891, 0.348339, 0.334151, 0.279605, 0.00198528, 0.00190681, 0.0130911
-0.0157497, -0.000271805, -0.564119, 4.76269e-05, 6.86514e-05, -0.000317981, 0.350031, 0.335793, 0.279582, 0.00198242, 0.00190064, 0.0130777
-0.0157051, -0.000662153, -0.563119, 4.72182e-05, 6.85456e-05, -0.00031632, 0.351755, 0.337337, 0.279452, 0.00198067, 0.00189421, 0.0130648
-0.012872, -0.0031181, -0.555141, 4.60978e-05, 6.57817e-05, -0.000296667, 0.353396, 0.338562, 0.279222, 0.00197977, 0.00188749, 0.0130516
-0.00900175, -0.00479355, -0.555744, 4.6002e-05, 5.77188e-05, -0.000266335, 0.35492, 0.339318, 0.27897, 0.00197929, 0.00188002, 0.0130369
-0.0106528, -0.00271217, -0.560177, 4.6018e-05, 5.77026e-05, -0.000267193, 0.35633, 0.339507, 0.278879, 0.00197896, 0.00187189, 0.0130217
-0.0109744, -0.00221422, -0.564019, 4.55454e-05, 5.39324e-05, -0.000259367, 0.357509, 0.339205, 0.279058, 0.00197859, 0.00186439, 0.013008
-0.009621, -0.0021073, -0.565777, 4.59368e-05, 5.07146e-05, -0.000249629, 0.358446, 0.338569, 0.279481, 0.00197811, 0.00185775, 0.0129965
-0.00812553, -0.00191743, -0.567257, 4.65676e-05, 4.81773e-05, -0.000242403, 0.359059, 0.337722, 0.280039, 0.00197756, 0.00185206, 0.0129893
-0.00564439, -0.00218969, -0.567468, 4.78413e-05, 4.62036e-05, -0.000237927, 0.359462, 0.33673, 0.280736, 0.00197686, 0.00184668, 0.012986
-0.00337528, -0.0023994, -0.567089, 4.90666e-05, 4.54681e-05, -0.00023678, 0.359791, 0.335662, 0.281636, 0.001976, 0.00184103, 0.0129846
-0.00165173, -0.00285552, -0.566824, 4.9893e-05, 4.47995e-05, -0.000236618, 0.359942, 0.334612, 0.282685, 0.00197493, 0.00183528, 0.0129826
0.00010553, -0.00359105, -0.567285, 5.06498e-05, 4.31368e-05, -0.0002366, 0.359753, 0.333669, 0.283813, 0.00197349, 0.00182965, 0.0129771
0.00243838, -0.00388506, -0.567412, 5.16309e-05, 4.26234e-05, -0.000238031, 0.359131, 0.332886, 0.285007, 0.00197145, 0.00182405, 0.0129649
0.00952668, -0.00613904, -0.573283, 5.48613e-05, 3.47215e-05, -0.000247776, 0.3579, 0.332278, 0.286233, 0.00196881, 0.0018185, 0.0129456
0.00890559, -0.00535593, -0.570334, 5.40016e-05, 3.75125e-05, -0.000241167, 0.355721, 0.331925, 0.287239, 0.00196549, 0.00181366, 0.0129187
0.00887647, -0.00475774, -0.568521, 5.40996e-05, 3.97773e-05, -0.000240958, 0.352827, 0.331901, 0.288126, 0.00196125, 0.00180934, 0.0128829
0.00871118, -0.0038795, -0.567685, 5.51093e-05, 4.13044e-05, -0.000247717, 0.349534, 0.332206, 0.289058, 0.00195653, 0.00180535, 0.012843
0.00949108, -0.00345768, -0.567605, 5.58513e-05, 4.21856e-05, -0.00025173, 0.345855, 0.332864, 0.289681, 0.00195045, 0.00180213, 0.0127907
0.00874232, -0.00263343, -0.567119, 5.74155e-05, 4.26386e-05, -0.000263146, 0.342733, 0.333933, 0.290315, 0.00194242, 0.00179923, 0.012721
0.00778795, -0.00175493, -0.565749, 5.88751e-05, 4.29185e-05, -0.000272502, 0.340993, 0.335372, 0.291432, 0.00193341, 0.00179662, 0.0126428
0.00584841, -0.0011799, -0.565363, 6.02593e-05, 4.30243e-05, -0.000283302, 0.340934, 0.337124, 0.293117, 0.00192408, 0.00179426, 0.0125617
0.00472207, -0.00146059, -0.565605, 5.98191e-05, 4.29021e-05, -0.000280222, 0.342503, 0.339113, 0.295236, 0.00191501, 0.00179191, 0.0124828
0.00351395, -0.00207142, -0.567645, 5.91371e-05, 4.35867e-05, -0.000275549, 0.345177, 0.341268, 0.29743, 0.00190641, 0.00178938, 0.012407
0.00300635, -0.00282011, -0.567825, 5.75326e-05, 4.33456e-05, -0.000262849, 0.348784, 0.343565, 0.299387, 0.001898, 0.00178599, 0.0123302
0.00150588, -0.00339784, -0.566894, 5.64545e-05, 4.4356e-05, -0.000252696, 0.353027, 0.34592, 0.300796, 0.00189024, 0.00178134, 0.0122566
0.00019933, -0.00378848, -0.5657, 5.61409e-05, 4.56132e-05, -0.000248549, 0.357179, 0.348114, 0.301171, 0.00188423, 0.00177632, 0.0121977
-0.00167877, -0.0039318, -0.564579, 5.66206e-05, 4.8167e-05, -0.000249417, 0.361052, 0.350021, 0.300354, 0.00188004, 0.00177109, 0.0121552
-0.0028542, -0.00430448, -0.56338, 5.68938e-05, 4.92189e-05, -0.000250247, 0.364656, 0.35166, 0.29851, 0.001877, 0.00176541, 0.0121233
-0.00425185, -0.00465487, -0.562387, 5.73791e-05, 5.04753e-05, -0.000252677, 0.367957, 0.35306, 0.296001, 0.00187476, 0.00175897, 0.012099
-0.00551568, -0.00530518, -0.561744, 5.76256e-05, 5.14132e-05, -0.000253514, 0.370703, 0.35419, 0.29319, 0.00187318, 0.00175184, 0.0120814
-0.00688899, -0.00571883, -0.561504, 5.79739e-05, 5.26304e-05, -0.00025453, 0.372669, 0.355079, 0.290504, 0.0018721, 0.00174376, 0.0120689
-0.00898953, -0.00644231, -0.561173, 5.84742e-05, 5.37765e-05, -0.000256581, 0.373527, 0.3557, 0.288173, 0.00187141, 0.00173567, 0.0120604
-0.0109439, -0.0069875, -0.561279, 5.89349e-05, 5.50225e-05, -0.000258511, 0.373263, 0.356077, 0.286492, 0.00187097, 0.00172717, 0.0120542
-0.0125328, -0.00746641, -0.56194, 5.9234e-05, 5.68148e-05, -0.000259235, 0.371851, 0.356285, 0.285636, 0.00187068, 0.00171734, 0.0120492
-0.0139163, -0.00815654, -0.563197, 5.94113e-05, 5.95406e-05, -0.000259182, 0.369284, 0.356332, 0.285621, 0.00187047, 0.00170628, 0.0120446
-0.0149389, -0.00840314, -0.564007, 5.949e-05, 6.09804e-05, -0.000259127, 0.365789, 0.356125, 0.286317, 0.00187019, 0.0016953, 0.0120382
-0.016242, -0.00866518, -0.56499, 5.97136e-05, 6.24222e-05, -0.000260568, 0.361557, 0.355664, 0.287611, 0.00186968, 0.00168425, 0.0120282
-0.017289, -0.00868667, -0.565785, 5.97271e-05, 6.32115e-05, -0.000260413, 0.356986, 0.355024, 0.289297, 0.00186888, 0.00167408, 0.0120137
-0.0189199, -0.00896127, -0.56685, 5.9969e-05, 6.38953e-05, -0.000262558, 0.352621, 0.354334, 0.291141, 0.00186782, 0.00166584, 0.0119955
-0.0196133, -0.00929535, -0.567026, 6.0269e-05, 6.37864e-05, -0.000265541, 0.348609, 0.353638, 0.293054, 0.00186653, 0.00165889, 0.0119733
-0.0213674, -0.00947094, -0.567704, 6.04914e-05, 6.35009e-05, -0.000267519, 0.345298, 0.352976, 0.294896, 0.00186501, 0.00165353, 0.0119476
-0.0216289, -0.00952633, -0.56905, 6.06296e-05, 6.46645e-05, -0.000268323, 0.343035, 0.352295, 0.296567, 0.00186304, 0.00164976, 0.0119155
-0.0207717, -0.00973129, -0.569582, 6.08067e-05, 6.5523e-05, -0.000269984, 0.341723, 0.351575, 0.298044, 0.00186049, 0.0016469, 0.0118759
-0.0185383, -0.00945848, -0.570596, 6.03535e-05, 6.63279e-05, -0.000265961, 0.340877, 0.350937, 0.299304, 0.00185784, 0.0016444, 0.0118355
-0.0155146, -0.00959724, -0.571723, 6.02477e-05, 6.67641e-05, -0.000265499, 0.340746, 0.350373, 0.300236, 0.0018551, 0.00164238, 0.0117951
-0.0131253, -0.00941173, -0.573371, 5.99301e-05, 6.63317e-05, -0.000263087, 0.341489, 0.349835, 0.300735, 0.00185213, 0.00164057, 0.0117533
-0.0121109, -0.00901565, -0.573482, 5.94302e-05, 6.55296e-05, -0.000258425, 0.342725, 0.349401, 0.300771, 0.00184945, 0.0016387, 0.0117164
-0.0116088, -0.00839085, -0.571691, 5.86074e-05, 6.48148e-05, -0.000250138, 0.34438, 0.349104, 0.300321, 0.00184722, 0.00163656, 0.0116859
-0.0109829, -0.00790658, -0.570514, 5.79401e-05, 6.42712e-05, -0.000243512, 0.346595, 0.348913, 0.299346, 0.00184522, 0.00163368, 0.0116588
-0.00992131, -0.00736857, -0.568368, 5.72067e-05, 6.40999e-05, -0.00023569, 0.349338, 0.348812, 0.297831, 0.00184339, 0.0016295, 0.0116343
-0.00827411, -0.00692181, -0.567145, 5.65626e-05, 6.29706e-05, -0.000229272, 0.352392, 0.348828, 0.295862, 0.00184193, 0.00162392, 0.0116144
-0.0059383, -0.00679445, -0.566373, 5.61057e-05, 6.08542e-05, -0.000225032, 0.355458, 0.348958, 0.293597, 0.00184091, 0.00161712, 0.0116
-0.00347118, -0.00686165, -0.565138, 5.5797e-05, 5.96834e-05, -0.000221694, 0.358367, 0.349169, 0.291179, 0.00184018, 0.00160887, 0.0115896
-0.00130256, -0.00670211, -0.564182, 5.55078e-05, 5.88569e-05, -0.000218238, 0.360824, 0.349459, 0.288815, 0.00183976, 0.00159962, 0.0115834
0.00135469, -0.00687072, -0.562016, 5.54663e-05, 6.04849e-05, -0.000215653, 0.362629, 0.349834, 0.286686, 0.00183956, 0.00158963, 0.0115806
0.00220699, -0.00646722, -0.562279, 5.52079e-05, 5.91968e-05, -0.000213393, 0.363718, 0.350285, 0.284921, 0.00183938, 0.00157852, 0.0115793
0.00340147, -0.00586927, -0.56274, 5.5119e-05, 5.74772e-05, -0.000212191, 0.363888, 0.350823, 0.283682, 0.00183912, 0.00156733, 0.0115782
0.00492193, -0.00548381, -0.563957, 5.49254e-05, 5.43857e-05, -0.000210944, 0.363104, 0.351473, 0.283024, 0.00183854, 0.0015564, 0.0115752
0.00729369, -0.00491028, -0.562761, 5.53603e-05, 5.66727e-05, -0.000211418, 0.361417, 0.352235, 0.282945, 0.00183744, 0.0015457, 0.0115689
0.00700489, -0.00402994, -0.564724, 5.58562e-05, 5.29686e-05, -0.00021639, 0.358941, 0.353117, 0.283421, 0.00183569, 0.00153497, 0.0115579
0.00724339, -0.00316082, -0.566714, 5.64117e-05, 4.95145e-05, -0.00022154, 0.355818, 0.354135, 0.284395, 0.00183325, 0.0015245, 0.0115414
0.0103261, -0.00293644, -0.56897, 5.7306e-05, 4.78166e-05, -0.0002293, 0.352252, 0.355337, 0.285738, 0.00182994, 0.00151499, 0.0115178
0.00888704, -0.00202153, -0.569644, 5.77109e-05, 4.56948e-05, -0.000231221, 0.348581, 0.356813, 0.287282, 0.00182538, 0.00150719, 0.0114837
0.00833461, -0.00113987, -0.56982, 5.93277e-05, 4.5945e-05, -0.000242754, 0.345387, 0.358619, 0.288853, 0.00181914, 0.00150172, 0.0114346
0.00603545, 0.000102125, -0.570702, 6.16831e-05, 4.5377e-05, -0.000261198, 0.343251, 0.360702, 0.29047, 0.00181188, 0.00149793, 0.0113759
0.00285858, 0.000919587, -0.571172, 6.30915e-05, 4.48793e-05, -0.000273282, 0.342299, 0.36292, 0.29215, 0.00180485, 0.00149515, 0.0113186
0.00102207, 0.00114388, -0.571187, 6.34083e-05, 4.49264e-05, -0.000276017, 0.342618, 0.365153, 0.293806, 0.00179866, 0.00149313, 0.0112678
0.00100893, 0.000856848, -0.571287, 6.29559e-05, 4.47104e-05, -0.000272337, 0.344336, 0.367336, 0.29536, 0.00179331, 0.00149132, 0.0112232
-0.000885193, 0.000495269, -0.572819, 6.23982e-05, 4.58048e-05, -0.000269239, 0.347131, 0.369431, 0.296661, 0.00178867, 0.00148899, 0.0111829
-0.00234814, 0.000187774, -0.571468, 6.23374e-05, 4.67438e-05, -0.000268361, 0.350569, 0.37148, 0.297492, 0.00178431, 0.00148576, 0.0111428
-0.00409408, -0.000379093, -0.569413, 6.21843e-05, 4.77182e-05, -0.000266676, 0.354713, 0.373556, 0.297801, 0.00177996, 0.00148093, 0.0111007
-0.00617962, -0.000737029, -0.568189, 6.22846e-05, 4.969e-05, -0.000266465, 0.358889, 0.375462, 0.297339, 0.00177655, 0.00147554, 0.0110669
-0.00747381, -0.000865438, -0.567003, 6.24259e-05, 5.04589e-05, -0.000266986, 0.362779, 0.377015, 0.296076, 0.00177441, 0.00147003, 0.0110452
-0.00881471, -0.00194206, -0.565743, 6.1759e-05, 5.01785e-05, -0.000261031, 0.366513, 0.378289, 0.294359, 0.00177298, 0.00146312, 0.01103
-0.00993588, -0.00274063, -0.565219, 6.13995e-05, 5.03379e-05, -0.000257317, 0.369695, 0.379299, 0.292455, 0.00177209, 0.00145468, 0.0110204
-0.0109432, -0.00347812, -0.564296, 6.12514e-05, 4.94268e-05, -0.000256053, 0.371707, 0.379937, 0.290524, 0.00177171, 0.00144586, 0.0110163
-0.0129642, -0.00414634, -0.564495, 6.13488e-05, 5.08279e-05, -0.000255074, 0.372446, 0.380391, 0.288936, 0.00177149, 0.00143596, 0.0110142
-0.0145362, -0.00470964, -0.564023, 6.13965e-05, 5.02263e-05, -0.000254931, 0.371715, 0.380716, 0.287814, 0.00177134, 0.00142592, 0.0110134
-0.0162304, -0.00525542, -0.564061, 6.16229e-05, 5.02088e-05, -0.00025602, 0.369611, 0.380814, 0.287271, 0.0017712, 0.00141607, 0.0110124
-0.015463, -0.0057812, -0.56318, 6.14482e-05, 4.88942e-05, -0.000256229, 0.366385, 0.380739, 0.287401, 0.00177097, 0.001406, 0.0110096
-0.0185699, -0.00639898, -0.565226, 6.23009e-05, 5.12299e-05, -0.000261464, 0.362245, 0.380625, 0.288191, 0.00177069, 0.00139548, 0.011005
-0.0211619, -0.00691899, -0.567215, 6.29641e-05, 5.31677e-05, -0.000265998, 0.357538, 0.380528, 0.289485, 0.00177036, 0.00138529, 0.0109987
-0.0228271, -0.00753951, -0.568694, 6.32747e-05, 5.43722e-05, -0.000268748, 0.35275, 0.380437, 0.291092, 0.00177, 0.0013764, 0.0109901
-0.0240394, -0.00764677, -0.570652, 6.3288e-05, 5.6035e-05, -0.000268343, 0.348305, 0.380325, 0.292873, 0.00176949, 0.00136906, 0.010978
-0.0248243, -0.00802044, -0.572169, 6.33116e-05, 5.72797e-05, -0.000269036, 0.344407, 0.380246, 0.294723, 0.00176889, 0.00136315, 0.0109639
-0.0259702, -0.00818883, -0.573918, 6.30732e-05, 5.81836e-05, -0.000267144, 0.341314, 0.380135, 0.296508, 0.00176817, 0.00135876, 0.0109478
-0.0257485, -0.00801493, -0.574943, 6.29699e-05, 5.89734e-05, -0.00026569, 0.339164, 0.379789, 0.298134, 0.00176701, 0.00135557, 0.0109257
-0.0242802, -0.00805648, -0.57455, 6.32177e-05, 5.92546e-05, -0.000267551, 0.337848, 0.379124, 0.299528, 0.0017651, 0.00135309, 0.0108944
-0.0214242, -0.00775483, -0.575622, 6.32503e-05, 5.98104e-05, -0.000266743, 0.337582, 0.378172, 0.300578, 0.00176224, 0.00135109, 0.0108531
-0.0188733, -0.00722221, -0.576457, 6.28804e-05, 5.92689e-05, -0.000262068, 0.338277, 0.377035, 0.301226, 0.00175852, 0.00134909, 0.0108039
-0.0181214, -0.00622026, -0.575495, 6.14232e-05, 5.81381e-05, -0.000249273, 0.339787, 0.375873, 0.30142, 0.00175433, 0.00134672, 0.0107516
-0.0171005, -0.00505296, -0.573863, 5.95333e-05, 5.67279e-05, -0.000233206, 0.341865, 0.37485, 0.301135, 0.00175022, 0.00134378, 0.0107019
-0.0156872, -0.00426104, -0.572209, 5.79389e-05, 5.5315e-05, -0.000219803, 0.344334, 0.374083, 0.300346, 0.00174674, 0.00134024, 0.0106597
-0.0139753, -0.00355583, -0.568785, 5.60782e-05, 5.48042e-05, -0.000205171, 0.347418, 0.37358, 0.299002, 0.00174387, 0.00133545, 0.0106247
-0.0118094, -0.00295682, -0.56625, 5.43144e-05, 5.37708e-05, -0.000190727, 0.350622, 0.373328, 0.297198, 0.00174173, 0.00132977, 0.0105976
-0.00922419, -0.002804, -0.565074, 5.30699e-05, 5.17556e-05, -0.000179945, 0.353822, 0.373288, 0.295009, 0.00174029, 0.00132304, 0.0105782
-0.00664426, -0.00285413, -0.564224, 5.20541e-05, 4.98526e-05, -0.00017111, 0.356864, 0.373427, 0.292567, 0.0017394, 0.00131491, 0.0105655
-0.00462798, -0.00311416, -0.56391, 5.14129e-05, 4.83022e-05, -0.000165709, 0.359295, 0.37374, 0.290118, 0.00173903, 0.00130596, 0.0105597
-0.00288165, -0.0034765, -0.563302, 5.09894e-05, 4.7952e-05, -0.000162262, 0.360908, 0.374218, 0.287874, 0.00173881, 0.00129614, 0.0105574
-0.000902186, -0.00352374, -0.562814, 5.0717e-05, 4.77053e-05, -0.000159511, 0.361472, 0.374849, 0.28607, 0.00173839, 0.00128584, 0.0105549
0.000723291, -0.00347441, -0.562988, 5.05959e-05, 4.68848e-05, -0.000158037, 0.360858, 0.375634, 0.284838, 0.00173745, 0.00127537, 0.0105492
0.00281614, -0.00340635, -0.563614, 5.04581e-05, 4.55519e-05, -0.000156438, 0.359109, 0.376581, 0.284247, 0.00173594, 0.00126485, 0.0105392
0.00389559, -0.00293732, -0.563934, 5.08972e-05, 4.52902e-05, -0.000158994, 0.356343, 0.377718, 0.284291, 0.00173391, 0.00125472, 0.0105258
0.00480931, -0.00216705, -0.565704, 5.14298e-05, 4.2892e-05, -0.000162632, 0.352783, 0.379057, 0.284909, 0.00173143, 0.001245, 0.0105096
0.00470779, -0.00177045, -0.56597, 5.18123e-05, 4.26212e-05, -0.000165244, 0.34866, 0.380563, 0.286016, 0.00172857, 0.00123578, 0.0104911
0.00385885, -0.00120267, -0.566495, 5.22926e-05, 4.17679e-05, -0.000168827, 0.344226, 0.382216, 0.287484, 0.00172536, 0.00122728, 0.0104702
0.00406865, -0.000606357, -0.567593, 5.28934e-05, 4.08945e-05, -0.000172797, 0.33989, 0.384083, 0.289064, 0.00172162, 0.00122066, 0.0104454
0.00491253, 0.000225906, -0.567271, 5.44805e-05, 4.21502e-05, -0.000181934, 0.336277, 0.38624, 0.290585, 0.00171699, 0.00121616, 0.0104134
0.00298891, 0.00142147, -0.567426, 5.63067e-05, 4.202e-05, -0.000194697, 0.333855, 0.388634, 0.292089, 0.00171162, 0.00121308, 0.0103747
-6.50141e-05, 0.00239875, -0.568067, 5.7495e-05, 4.14559e-05, -0.000204409, 0.332644, 0.391135, 0.293604, 0.00170595, 0.00121077, 0.0103318
-0.00318814, 0.00283905, -0.56892, 5.77126e-05, 4.10853e-05, -0.000206939, 0.332765, 0.393682, 0.295065, 0.00170015, 0.00120894, 0.0102847
-0.00164541, 0.00225709, -0.567877, 5.70243e-05, 4.0663e-05, -0.000200544, 0.334145, 0.396217, 0.296394, 0.00169464, 0.00120718, 0.0102373
-0.00211113, 0.0017521, -0.568218, 5.62822e-05, 4.05225e-05, -0.000194968, 0.336575, 0.398617, 0.297451, 0.00168987, 0.00120506, 0.0101942
-0.00339748, 0.00131059, -0.568732, 5.58703e-05, 4.10556e-05, -0.000191959, 0.339191, 0.400678, 0.297971, 0.00168637, 0.00120281, 0.0101612
-0.00431553, 0.00066832, -0.567837, 5.5529e-05, 4.13652e-05, -0.000188542, 0.341536, 0.402394, 0.297797, 0.00168383, 0.00120059, 0.0101359
-0.00559333, 0.000251143, -0.5674, 5.5571e-05, 4.21162e-05, -0.000187641, 0.343506, 0.403699, 0.296964, 0.00168225, 0.0011986, 0.0101199
-0.00701316, -1.12232e-05, -0.567881, 5.58375e-05, 4.31298e-05, -0.000188036, 0.345399, 0.404535, 0.295679, 0.00168146, 0.00119681, 0.0101121
-0.00826422, -0.000185866, -0.568555, 5.61124e-05, 4.41541e-05, -0.000188414, 0.34736, 0.405146, 0.294156, 0.00168093, 0.00119504, 0.010107
-0.00896949, -0.000402098, -0.567427, 5.60534e-05, 4.3968e-05, -0.000187542, 0.349393, 0.405761, 0.292467, 0.00168044, 0.00119293, 0.0101019
-0.0100696, -0.000382045, -0.566649, 5.61078e-05, 4.39984e-05, -0.000187129, 0.351318, 0.406468, 0.290654, 0.00167991, 0.00119026, 0.0100969
-0.0108261, -0.000497144, -0.564393, 5.56971e-05, 4.2353e-05, -0.000184864, 0.352983, 0.407333, 0.288818, 0.00167931, 0.00118704, 0.0100921
-0.0122079, -0.000608032, -0.562995, 5.54495e-05, 4.15284e-05, -0.000182892, 0.354368, 0.408375, 0.287091, 0.00167871, 0.00118352, 0.0100887
-0.0135645, -0.000565026, -0.560165, 5.48964e-05, 3.906e-05, -0.000179362, 0.355447, 0.409557, 0.285495, 0.00167822, 0.00117974, 0.0100868
-0.0145295, -0.000752868, -0.557437, 5.43159e-05, 3.63024e-05, -0.000175813, 0.356133, 0.41097, 0.284, 0.00167771, 0.0011756, 0.0100852
-0.01532, -0.00111818, -0.555626, 5.38838e-05, 3.45571e-05, -0.000173444, 0.356577, 0.412554, 0.282801, 0.00167719, 0.00117172, 0.0100838
-0.0159606, -0.001572, -0.55367, 5.3433e-05, 3.26137e-05, -0.000171045, 0.356677, 0.414357, 0.281799, 0.00167651, 0.00116799, 0.0100824
-0.0163967, -0.00215086, -0.551929, 5.28859e-05, 3.08032e-05, -0.00016824, 0.356384, 0.416384, 0.28096, 0.00167556, 0.0011644, 0.01008
-0.0161321, -0.00227308, -0.553384, 5.28006e-05, 3.20284e-05, -0.000168533, 0.355962, 0.418417, 0.280416, 0.00167455, 0.00116153, 0.0100773
-0.0155334, -0.00237396, -0.557681, 5.26425e-05, 3.53024e-05, -0.000170521, 0.355434, 0.420194, 0.280136, 0.00167377, 0.00115939, 0.0100755
-0.0150104, -0.00246862, -0.560162, 5.25122e-05, 3.68787e-05, -0.000171666, 0.354823, 0.421579, 0.280053, 0.00167324, 0.00115792, 0.0100744
-0.0142113, -0.00252278, -0.562624, 5.23897e-05, 3.82707e-05, -0.000172357, 0.353933, 0.422763, 0.280053, 0.00167274, 0.00115664, 0.0100724
-0.0143579, -0.0028679, -0.562558, 5.23e-05, 3.81658e-05, -0.000171946, 0.352728, 0.423695, 0.280168, 0.00167222, 0.00115547, 0.0100674
-0.0140888, -0.00290699, -0.563341, 5.22129e-05, 3.84592e-05, -0.000171633, 0.351277, 0.424094, 0.280393, 0.00167187, 0.00115458, 0.0100611
-0.0141325, -0.00288709, -0.565824, 5.1822e-05, 3.89553e-05, -0.00017119, 0.349676, 0.4236, 0.280611, 0.00167175, 0.00115416, 0.0100581
-0.0140833, -0.00274756, -0.567789, 5.14903e-05, 3.91235e-05, -0.000170587, 0.347979, 0.422283, 0.280758, 0.00167146, 0.00115388, 0.0100573
-0.0137602, -0.00171807, -0.569494, 5.08645e-05, 3.92539e-05, -0.000169484, 0.346303, 0.42039, 0.280843, 0.00167065, 0.00115347, 0.0100561
-0.0135861, -0.00181959, -0.569202, 5.10285e-05, 3.93222e-05, -0.000169987, 0.344811, 0.41851, 0.280912, 0.00166961, 0.00115293, 0.0100537
-0.0139908, -0.00206215, -0.567863, 5.1188e-05, 3.919e-05, -0.000169958, 0.343628, 0.417289, 0.281044, 0.00166903, 0.00115249, 0.0100519
-0.0141826, -0.00200576, -0.5686, 5.10157e-05, 3.9134e-05, -0.000169276, 0.34284, 0.416698, 0.281188, 0.00166878, 0.00115223, 0.0100505
-0.0146589, -0.00174762, -0.56855, 5.09652e-05, 3.91241e-05, -0.00016964, 0.342448, 0.416438, 0.281298, 0.00166868, 0.00115214, 0.0100497
-0.0147749, -0.00151532, -0.566852, 5.0959e-05, 3.90749e-05, -0.000169403, 0.342397, 0.416355, 0.281374, 0.00166863, 0.0011521, 0.0100487
-0.0152989, -0.00113768, -0.567414, 5.09899e-05, 3.9135e-05, -0.000169759, 0.342583, 0.416379, 0.281399, 0.00166855, 0.001152, 0.0100466
-0.0156227, -0.000582775, -0.569379, 5.11394e-05, 3.91196e-05, -0.000169625, 0.342945, 0.416326, 0.281304, 0.00166838, 0.00115179, 0.0100422
-0.0156995, -6.40659e-05, -0.568787, 5.0977e-05, 3.90315e-05, -0.000167612, 0.343475, 0.416273, 0.281159, 0.00166812, 0.00115139, 0.0100347
-0.015871, 0.0005256, -0.568785, 5.08978e-05, 3.88877e-05, -0.000165254, 0.344165, 0.416537, 0.281088, 0.00166784, 0.00115085, 0.010027
-0.0160148, 0.000989644, -0.567394, 5.05264e-05, 3.8666e-05, -0.000162448, 0.344997, 0.417078, 0.281019, 0.0016675, 0.00115017, 0.0100194
-0.0157995, 0.00126736, -0.564668, 4.96329e-05, 3.81473e-05, -0.000158383, 0.345971, 0.417954, 0.280988, 0.00166709, 0.0011494, 0.0100128
-0.0158823, 0.00116898, -0.563145, 4.91045e-05, 3.80151e-05, -0.000157291, 0.347118, 0.419152, 0.28096, 0.00166654, 0.0011485, 0.0100066
-0.0155718, 0.00125217, -0.560977, 4.82219e-05, 3.75543e-05, -0.000154313, 0.348451, 0.420683, 0.280958, 0.00166585, 0.00114749, 0.0100009
-0.0152351, 0.0015733, -0.559312, 4.75768e-05, 3.69762e-05, -0.000150958, 0.349927, 0.422581, 0.281019, 0.00166514, 0.00114649, 0.00999698
-0.0151943, 0.00163808, -0.558804, 4.73329e-05, 3.68296e-05, -0.000149714, 0.351521, 0.424671, 0.281057, 0.0016645, 0.0011456, 0.00999373
-0.0152656, 0.00185825, -0.558097, 4.71622e-05, 3.66977e-05, -0.000148242, 0.353255, 0.426984, 0.281064, 0.00166384, 0.00114479, 0.00999125
-0.0154919, 0.00231582, -0.559192, 4.76201e-05, 3.66107e-05, -0.000147133, 0.355139, 0.429422, 0.281, 0.00166321, 0.00114406, 0.00998904
-0.0150238, 0.00251758, -0.559693, 4.77842e-05, 3.64243e-05, -0.000146977, 0.357103, 0.431776, 0.280882, 0.00166274, 0.00114334, 0.00998664
-0.0144949, 0.00224997, -0.5614, 4.77289e-05, 3.65229e-05, -0.000145996, 0.358827, 0.434453, 0.281129, 0.00166186, 0.0011427, 0.00998567
-0.0140335, 0.00214381, -0.558857, 4.71546e-05, 3.58126e-05, -0.00014522, 0.360533, 0.437059, 0.281405, 0.00166103, 0.00114216, 0.00998501
-0.0138056, 0.00185871, -0.556552, 4.65477e-05, 3.5278e-05, -0.000144228, 0.362236, 0.439661, 0.281676, 0.0016601, 0.00114168, 0.00998434
-0.0136418, 0.00154604, -0.556557, 4.63038e-05, 3.52478e-05, -0.000143862, 0.363824, 0.442059, 0.281836, 0.00165938, 0.00114143, 0.00998356
-0.0137859, 0.00117807, -0.557271, 4.60575e-05, 3.53291e-05, -0.000143323, 0.365159, 0.444077, 0.28195, 0.00165886, 0.00114134, 0.00998173
-0.013941, 0.00117932, -0.558772, 4.57805e-05, 3.53636e-05, -0.000141991, 0.36618, 0.445632, 0.282069, 0.00165842, 0.00114131, 0.0099791
-0.0139694, 0.0010932, -0.562278, 4.49015e-05, 3.51823e-05, -0.000138976, 0.366818, 0.446548, 0.282061, 0.00165794, 0.00114127, 0.00997463
-0.0142059, 0.00117365, -0.564199, 4.4369e-05, 3.50334e-05, -0.000137301, 0.367115, 0.446815, 0.281954, 0.00165725, 0.00114115, 0.00996831
-0.0141615, 0.00106912, -0.564023, 4.44515e-05, 3.5049e-05, -0.000137779, 0.367066, 0.446771, 0.281891, 0.00165642, 0.00114097, 0.00996225
-0.0142249, 0.00125296, -0.564008, 4.44669e-05, 3.50738e-05, -0.000137955, 0.366704, 0.44663, 0.281891, 0.00165554, 0.00114066, 0.00995603
-0.0142918, 0.00203228, -0.564882, 4.42932e-05, 3.52198e-05, -0.000138722, 0.366139, 0.446334, 0.281928, 0.0016548, 0.00114026, 0.00995035
-0.0147113, 0.00204342, -0.565898, 4.38731e-05, 3.5137e-05, -0.000137443, 0.365427, 0.445802, 0.282041, 0.00165436, 0.00113989, 0.0099462
-0.015145, 0.00203403, -0.566795, 4.36456e-05, 3.51449e-05, -0.000137634, 0.364614, 0.444965, 0.282155, 0.00165414, 0.00113958, 0.00994247
-0.0152891, 0.00218068, -0.566998, 4.36599e-05, 3.52191e-05, -0.00013864, 0.363722, 0.44368, 0.282259, 0.00165389, 0.00113935, 0.00993714
-0.0149253, 0.00191499, -0.566569, 4.37201e-05, 3.51274e-05, -0.000137152, 0.362711, 0.441921, 0.282349, 0.0016534, 0.00113914, 0.0099287
-0.0145872, 0.00186991, -0.566976, 4.35764e-05, 3.50802e-05, -0.000135701, 0.361616, 0.439619, 0.282356, 0.0016525, 0.00113904, 0.00991872
-0.013904, 0.00205432, -0.567217, 4.3244e-05, 3.5044e-05, -0.0001326, 0.360541, 0.436774, 0.282256, 0.00165089, 0.001139, 0.00990678
-0.0131999, 0.00233544, -0.568205, 4.28072e-05, 3.49475e-05, -0.000129472, 0.359636, 0.433867, 0.282131, 0.00164894, 0.00113894, 0.00989328
-0.0122787, 0.00261805, -0.570253, 4.23601e-05, 3.47861e-05, -0.000126308, 0.359031, 0.431348, 0.282018, 0.00164721, 0.00113887, 0.00988004
-0.0114129, 0.0024311, -0.570713, 4.21656e-05, 3.4677e-05, -0.000122985, 0.358757, 0.42953, 0.281957, 0.0016461, 0.00113879, 0.0098691
-0.0109383, 0.00216965, -0.570097, 4.19904e-05, 3.45439e-05, -0.000120155, 0.358797, 0.428536, 0.281993, 0.00164549, 0.00113863, 0.00985917
-0.0104612, 0.0020436, -0.570553, 4.18607e-05, 3.44445e-05, -0.000118217, 0.359115, 0.428247, 0.28207, 0.00164507, 0.00113836, 0.00985021
-0.010183, 0.00170441, -0.570075, 4.16997e-05, 3.43109e-05, -0.000116605, 0.359626, 0.428464, 0.282129, 0.00164479, 0.00113811, 0.00984461
-0.0102211, 0.00147001, -0.568879, 4.15316e-05, 3.41829e-05, -0.000115674, 0.360192, 0.429128, 0.2822, 0.00164461, 0.00113793, 0.00984281
-0.0110183, 0.0015622, -0.568497, 4.13695e-05, 3.42069e-05, -0.000114632, 0.360732, 0.430088, 0.282246, 0.00164439, 0.00113787, 0.00984212
-0.0114546, 0.00160278, -0.567702, 4.11885e-05, 3.41962e-05, -0.000113492, 0.36123, 0.431253, 0.282235, 0.00164389, 0.00113785, 0.00983818
-0.011869, 0.00147111, -0.567456, 4.09383e-05, 3.42066e-05, -0.00011201, 0.361737, 0.432632, 0.28218, 0.00164301, 0.0011378, 0.00982911
-0.0125283, 0.00167109, -0.56518, 4.069e-05, 3.42599e-05, -0.000110173, 0.362364, 0.434275, 0.282117, 0.00164191, 0.00113773, 0.00981772
-0.0130339, 0.00179137, -0.563999, 4.04979e-05, 3.42922e-05, -0.000108486, 0.363206, 0.436165, 0.282047, 0.00164092, 0.00113768, 0.00980848
-0.0136775, 0.00186504, -0.562189, 4.02296e-05, 3.44106e-05, -0.000106756, 0.364314, 0.438387, 0.281967, 0.00163995, 0.0011376, 0.0098025
-0.0136358, 0.0017142, -0.55983, 3.98162e-05, 3.44664e-05, -0.000107151, 0.365726, 0.440997, 0.281903, 0.00163879, 0.00113742, 0.00979911
-0.0138939, 0.00158244, -0.558984, 3.9482e-05, 3.4522e-05, -0.000106017, 0.367444, 0.443848, 0.281864, 0.00163764, 0.00113703, 0.00979743
-0.0140634, 0.00166371, -0.557262, 3.91721e-05, 3.4499e-05, -0.000105013, 0.369431, 0.446867, 0.281833, 0.00163656, 0.00113641, 0.00979625
-0.0142046, 0.00133652, -0.555139, 3.85059e-05, 3.45985e-05, -0.00010481, 0.371645, 0.450106, 0.281822, 0.00163541, 0.00113567, 0.00979518
-0.0142967, 0.00118187, -0.554777, 3.82694e-05, 3.46495e-05, -0.000104544, 0.374056, 0.453496, 0.281838, 0.00163427, 0.00113483, 0.00979405
-0.0143174, 0.00128889, -0.556002, 3.84888e-05, 3.46416e-05, -0.000104206, 0.376595, 0.456839, 0.281824, 0.00163346, 0.00113389, 0.00979192
-0.0143227, 0.00117852, -0.558934, 3.86841e-05, 3.48372e-05, -0.000104713, 0.379145, 0.460102, 0.28187, 0.00163284, 0.00113294, 0.00978915
-0.0140759, 0.00117475, -0.561888, 3.88085e-05, 3.48896e-05, -0.000105009, 0.381631, 0.463282, 0.281938, 0.00163226, 0.00113211, 0.00978702
-0.0138689, 0.00123567, -0.563351, 3.88584e-05, 3.48751e-05, -0.000105119, 0.383938, 0.466229, 0.282012, 0.00163172, 0.00113143, 0.00978559
-0.0135785, 0.00107439, -0.563849, 3.87502e-05, 3.48494e-05, -0.000105398, 0.385878, 0.468729, 0.282128, 0.00163129, 0.00113094, 0.00978456
-0.0135075, 0.000973341, -0.562685, 3.87919e-05, 3.47439e-05, -0.000105409, 0.387305, 0.470579, 0.282289, 0.00163101, 0.00113062, 0.00978372
-0.0129584, 0.000997144, -0.562468, 3.87615e-05, 3.46221e-05, -0.000105072, 0.388145, 0.471619, 0.282443, 0.00163084, 0.00113043, 0.00978273
-0.0131141, 0.00116312, -0.56141, 3.89437e-05, 3.45995e-05, -0.00010534, 0.388389, 0.471785, 0.282566, 0.0016307, 0.00113033, 0.00978139
-0.0127987, 0.00198654, -0.564903, 3.83243e-05, 3.47278e-05, -0.000104526, 0.388093, 0.471163, 0.282652, 0.00163049, 0.00113028, 0.00977971
-0.0125934, 0.00201688, -0.563872, 3.84283e-05, 3.46701e-05, -0.000104037, 0.387372, 0.469866, 0.282725, 0.00163014, 0.00113024, 0.00977731
-0.0125405, 0.00219231, -0.563225, 3.85083e-05, 3.46545e-05, -0.000104045, 0.386378, 0.468205, 0.282857, 0.00162973, 0.00113017, 0.00977386
-0.0127537, 0.00211694, -0.563667, 3.85469e-05, 3.47141e-05, -0.000104978, 0.385147, 0.466226, 0.283094, 0.0016293, 0.00113003, 0.00976944
-0.0130317, 0.00248643, -0.565048, 3.82937e-05, 3.49177e-05, -0.000106377, 0.383613, 0.46372, 0.283338, 0.00162874, 0.00112989, 0.00976633
-0.0132929, 0.00273332, -0.565398, 3.81389e-05, 3.49156e-05, -0.000106648, 0.381771, 0.460665, 0.283562, 0.00162788, 0.00112971, 0.0097646
-0.0130924, 0.00305215, -0.566576, 3.77106e-05, 3.50412e-05, -0.000105985, 0.379696, 0.456925, 0.283733, 0.00162598, 0.00112939, 0.00976105
-0.0127158, 0.00352371, -0.568086, 3.70845e-05, 3.51679e-05, -0.000104606, 0.377554, 0.452656, 0.283793, 0.00162241, 0.00112874, 0.00974956
-0.0118178, 0.00450494, -0.570946, 3.58084e-05, 3.5316e-05, -0.000100886, 0.375579, 0.448428, 0.283791, 0.00161793, 0.00112784, 0.00973157
-0.0113009, 0.00530636, -0.572626, 3.4905e-05, 3.53421e-05, -9.76917e-05, 0.373985, 0.444824, 0.283828, 0.00161407, 0.00112706, 0.00971525
-0.0112005, 0.00572236, -0.571478, 3.46292e-05, 3.52473e-05, -9.56263e-05, 0.372868, 0.44218, 0.283903, 0.00161173, 0.00112662, 0.00970561
-0.0110516, 0.0055815, -0.569661, 3.47102e-05, 3.51128e-05, -9.50239e-05, 0.372197, 0.44066, 0.284054, 0.001611, 0.00112648, 0.00970315
-0.0112628, 0.00558686, -0.567902, 3.4644e-05, 3.49247e-05, -9.44264e-05, 0.371973, 0.44001, 0.284209, 0.00161084, 0.00112642, 0.00970184
-0.0115273, 0.00585479, -0.568024, 3.46816e-05, 3.4965e-05, -9.49277e-05, 0.372203, 0.440047, 0.284306, 0.00161069, 0.0011263, 0.00969908
-0.0116001, 0.00595801, -0.567761, 3.46774e-05, 3.49722e-05, -9.50479e-05, 0.372861, 0.440585, 0.284339, 0.00161032, 0.00112599, 0.00969443
-0.0116268, 0.00602707, -0.566396, 3.43049e-05, 3.48155e-05, -9.34328e-05, 0.373834, 0.441627, 0.284335, 0.00160964, 0.00112547, 0.00968887
-0.0119773, 0.00606138, -0.565995, 3.43388e-05, 3.49495e-05, -9.43094e-05, 0.375116, 0.443033, 0.28424, 0.00160872, 0.00112474, 0.00968297
-0.0123781, 0.0060276, -0.564606, 3.40911e-05, 3.52092e-05, -9.52491e-05, 0.376596, 0.44478, 0.284067, 0.0016078, 0.00112398, 0.00967922
-0.0128137, 0.00599043, -0.562328, 3.34433e-05, 3.54629e-05, -9.50548e-05, 0.378141, 0.447078, 0.283893, 0.0016066, 0.00112342, 0.00967817
-0.0126327, 0.0058184, -0.560072, 3.25877e-05, 3.55797e-05, -9.46521e-05, 0.37983, 0.449935, 0.283669, 0.00160482, 0.00112301, 0.00967618
-0.0126316, 0.0057766, -0.558244, 3.20623e-05, 3.5826e-05, -9.49061e-05, 0.381719, 0.453257, 0.283421, 0.00160248, 0.00112266, 0.00967125
-0.0123005, 0.00576776, -0.557223, 3.18783e-05, 3.58582e-05, -9.63888e-05, 0.383808, 0.456968, 0.283193, 0.00159936, 0.00112238, 0.00966233
-0.0123308, 0.00582825, -0.55761, 3.20003e-05, 3.57862e-05, -9.58855e-05, 0.386092, 0.460894, 0.283003, 0.00159575, 0.00112207, 0.00965234
-0.0120922, 0.00603604, -0.557816, 3.23262e-05, 3.56269e-05, -9.65796e-05, 0.388582, 0.464741, 0.282853, 0.00159266, 0.00112154, 0.00964762
-0.0118712, 0.00640386, -0.556852, 3.21732e-05, 3.54819e-05, -9.59123e-05, 0.391235, 0.468205, 0.28275, 0.00159023, 0.00112037, 0.00964521
-0.0118589, 0.00675097, -0.557972, 3.28716e-05, 3.52569e-05, -9.57916e-05, 0.394011, 0.471036, 0.282641, 0.00158718, 0.00111799, 0.0096294
-0.0113504, 0.00742376, -0.558651, 3.23657e-05, 3.42645e-05, -8.68626e-05, 0.396966, 0.472977, 0.2825, 0.00158113, 0.0011135, 0.00957236
-0.0106171, 0.00846297, -0.559405, 3.05814e-05, 3.24509e-05, -6.68095e-05, 0.400167, 0.473942, 0.282343, 0.00157028, 0.00110673, 0.00945466
-0.0094305, 0.00896204, -0.560213, 2.73654e-05, 3.00771e-05, -3.72783e-05, 0.403676, 0.474133, 0.282222, 0.00155503, 0.00109852, 0.00928453
-0.00850793, 0.00921993, -0.56, 2.4349e-05, 2.83899e-05, -1.30374e-05, 0.40743, 0.473885, 0.282209, 0.00153838, 0.00109048, 0.00909774
-0.00768296, 0.00958258, -0.560609, 2.21861e-05, 2.6957e-05, 6.7377e-06, 0.411186, 0.473471, 0.282338, 0.00152397, 0.00108408, 0.00893599
-0.00673021, 0.00954507, -0.560791, 2.0006e-05, 2.57339e-05, 2.52362e-05, 0.414712, 0.473055, 0.282533, 0.00151334, 0.00107968, 0.00881707
-0.00624702, 0.0087628, -0.560009, 1.88351e-05, 2.53012e-05, 3.36601e-05, 0.41768, 0.472757, 0.282724, 0.00150699, 0.00107722, 0.00874675
-0.00575355, 0.00831601, -0.559356, 1.80715e-05, 2.49912e-05, 3.93919e-05, 0.419604, 0.47265, 0.282862, 0.00150445, 0.00107637, 0.0087201
-0.0056469, 0.00753052, -0.558448, 1.78016e-05, 2.49401e-05, 4.16352e-05, 0.42016, 0.472671, 0.282882, 0.00150397, 0.00107629, 0.00871565
-0.00613401, 0.00721417, -0.558542, 1.76381e-05, 2.48268e-05, 4.34369e-05, 0.419218, 0.472703, 0.282758, 0.00150375, 0.00107614, 0.00871117
-0.00696426, 0.00674509, -0.55883, 1.70409e-05, 2.44674e-05, 4.90938e-05, 0.416886, 0.472646, 0.28253, 0.00150239, 0.00107527, 0.00868922
-0.00797551, 0.00640472, -0.559908, 1.57211e-05, 2.37571e-05, 5.98296e-05, 0.413512, 0.472476, 0.28226, 0.00149913, 0.00107337, 0.0086397
-0.00850357, 0.00582766, -0.560937, 1.45991e-05, 2.32786e-05, 6.80069e-05, 0.409412, 0.472284, 0.28198, 0.0014933, 0.00107015, 0.00855223
-0.00992931, 0.00499863, -0.561088, 1.23022e-05, 2.19087e-05, 8.97156e-05, 0.404849, 0.472201, 0.28173, 0.00148351, 0.00106501, 0.00840608
-0.0117484, 0.00440475, -0.561204, 8.66797e-06, 1.97308e-05, 0.000123859, 0.40025, 0.472218, 0.281509, 0.00146729, 0.00105693, 0.00816607
-0.013129, 0.00390678, -0.561071, 5.37194e-06, 1.77213e-05, 0.000155413, 0.39661, 0.472344, 0.281399, 0.00144325, 0.00104551, 0.00781103
-0.0151224, 0.00353416, -0.560892, -3.16746e-07, 1.42579e-05, 0.000209388, 0.395061, 0.472512, 0.281504, 0.00141411, 0.00103213, 0.00737486
-0.0164553, 0.00397906, -0.561524, -5.22573e-06, 1.15442e-05, 0.000251577, 0.396003, 0.472721, 0.28187, 0.0013852, 0.00101932, 0.00693237
-0.0173468, 0.00464983, -0.562311, -9.00121e-06, 9.56613e-06, 0.000282392, 0.398986, 0.473057, 0.282475, 0.00136036, 0.0010087, 0.0065414
-0.0183737, 0.0058179, -0.56313, -1.28726e-05, 7.41459e-06, 0.000315134, 0.403194, 0.47354, 0.283253, 0.00134164, 0.00100096, 0.00623766
-0.018813, 0.00712615, -0.563904, -1.44073e-05, 6.52851e-06, 0.000327492, 0.407813, 0.474179, 0.284106, 0.00132932, 0.00099606, 0.00603197
-0.0193136, 0.00852474, -0.5657, -1.64626e-05, 5.64943e-06, 0.000341313, 0.412202, 0.474932, 0.284898, 0.00132241, 0.000993427, 0.0059126
-0.019519, 0.00936887, -0.566913, -1.72133e-05, 5.36161e-06, 0.000345972, 0.415871, 0.475763, 0.285536, 0.00131922, 0.000992312, 0.00585558
-0.0197794, 0.0100461, -0.566562, -1.7103e-05, 5.2321e-06, 0.000347166, 0.418459, 0.47666, 0.286002, 0.00131816, 0.000992038, 0.00583649
-0.0202676, 0.0109892, -0.567257, -1.70321e-05, 5.23597e-06, 0.000347838, 0.41971, 0.477647, 0.286256, 0.00131794, 0.000992026, 0.00583482
-0.0206532, 0.0114155, -0.566518, -1.68139e-05, 5.29243e-06, 0.000347176, 0.419321, 0.478553, 0.286246, 0.00131744, 0.000991696, 0.00583064
-0.0211832, 0.0122472, -0.566394, -1.63877e-05, 5.50712e-06, 0.000344887, 0.417324, 0.47921, 0.286036, 0.00131568, 0.000990576, 0.00580465
-0.0207961, 0.012882, -0.564364, -1.7257e-05, 4.8705e-06, 0.000351492, 0.414258, 0.479657, 0.285722, 0.0013122, 0.000988482, 0.00574743
-0.0202818, 0.013755, -0.562471, -1.85143e-05, 4.09153e-06, 0.000361115, 0.410773, 0.479949, 0.285289, 0.00130705, 0.000985467, 0.00565663
-0.0200073, 0.0145415, -0.562804, -1.88151e-05, 3.90742e-06, 0.00036517, 0.407444, 0.480121, 0.284675, 0.00130049, 0.000981651, 0.00553239
-0.0189655, 0.0155192, -0.564114, -1.96446e-05, 3.20063e-06, 0.000376729, 0.404849, 0.480384, 0.284037, 0.00129283, 0.000977029, 0.00537929
-0.017839, 0.01601, -0.562944, -2.1804e-05, 1.95469e-06, 0.000395137, 0.40349, 0.480916, 0.283495, 0.00128423, 0.00097161, 0.00520153
-0.0168578, 0.016291, -0.561131, -2.43353e-05, 5.47811e-07, 0.000414967, 0.403639, 0.481693, 0.283129, 0.00127518, 0.000965694, 0.00500754
-0.0160324, 0.0166825, -0.559664, -2.65823e-05, -7.37408e-07, 0.000433013, 0.405328, 0.482644, 0.282973, 0.00126622, 0.000959629, 0.00480762
-0.0151412, 0.0170694, -0.559273, -2.83277e-05, -1.91896e-06, 0.000449908, 0.408408, 0.483699, 0.283004, 0.00125802, 0.000953829, 0.00461511
-0.0144434, 0.0170506, -0.559935, -2.91399e-05, -2.77658e-06, 0.000461029, 0.412499, 0.484825, 0.283183, 0.00125124, 0.000948777, 0.00444664
-0.0137396, 0.0170232, -0.560153, -3.01977e-05, -3.72842e-06, 0.000473297, 0.417204, 0.486017, 0.28351, 0.001246, 0.000944552, 0.00430734
-0.0134134, 0.0168034, -0.560802, -3.03913e-05, -4.16823e-06, 0.00047773, 0.422194, 0.487266, 0.283939, 0.00124217, 0.000941075, 0.00419752
-0.0129363, 0.016208, -0.560915, -3.11667e-05, -4.9804e-06, 0.000485743, 0.427117, 0.488568, 0.284432, 0.00123961, 0.00093835, 0.00411787
-0.0125609, 0.0153637, -0.561943, -3.14115e-05, -5.63985e-06, 0.000490363, 0.431644, 0.489854, 0.284924, 0.00123812, 0.000936341, 0.00406621
-0.0126046, 0.0142191, -0.562249, -3.17661e-05, -6.09059e-06, 0.00049204, 0.435431, 0.491026, 0.285334, 0.00123743, 0.000934977, 0.00403856
-0.0124856, 0.0126798, -0.56135, -3.23193e-05, -6.72785e-06, 0.000494817, 0.438068, 0.491984, 0.285636, 0.00123712, 0.00093416, 0.00402889
-0.0124243, 0.0115945, -0.560986, -3.24596e-05, -7.06311e-06, 0.000495499, 0.43925, 0.492597, 0.285744, 0.00123662, 0.000933747, 0.00402806
-0.0123489, 0.0102748, -0.560399, -3.24428e-05, -7.33418e-06, 0.00049529, 0.43884, 0.492859, 0.285597, 0.00123539, 0.000933547, 0.00402609
-0.0121202, 0.00918389, -0.561266, -3.24659e-05, -7.52719e-06, 0.000494825, 0.436884, 0.492807, 0.285281, 0.00123309, 0.000933374, 0.00401484
-0.0123175, 0.00808696, -0.561832, -3.27546e-05, -7.72898e-06, 0.000495576, 0.433704, 0.492481, 0.284793, 0.00122968, 0.000933079, 0.00398964
-0.0128837, 0.00724911, -0.561701, -3.31755e-05, -7.93994e-06, 0.000497953, 0.429953, 0.492139, 0.284289, 0.0012255, 0.00093265, 0.0039511
-0.0137869, 0.0069785, -0.561119, -3.37644e-05, -8.21983e-06, 0.000502515, 0.426189, 0.49194, 0.28387, 0.00122089, 0.000932137, 0.00390137
-0.0138266, 0.00694946, -0.562259, -3.43266e-05, -8.23087e-06, 0.000503974, 0.42297, 0.491972, 0.283582, 0.00121646, 0.000931628, 0.00384752
-0.0139602, 0.00747382, -0.564468, -3.5381e-05, -8.31104e-06, 0.000507219, 0.420497, 0.492138, 0.283338, 0.00121276, 0.000931162, 0.00379706
-0.0142114, 0.00782108, -0.565997, -3.61516e-05, -8.46818e-06, 0.000510105, 0.418628, 0.49224, 0.283085, 0.00121012, 0.000930685, 0.00375472
-0.0142886, 0.00736598, -0.564818, -3.58861e-05, -8.36793e-06, 0.000509668, 0.41721, 0.492375, 0.282927, 0.00120842, 0.000930192, 0.00372048
-0.0141322, 0.00656717, -0.563671, -3.55999e-05, -8.19577e-06, 0.000508446, 0.416257, 0.492883, 0.282974, 0.00120704, 0.000929714, 0.00368734
-0.0148359, 0.00575537, -0.561586, -3.54657e-05, -8.51356e-06, 0.000511019, 0.415952, 0.493987, 0.283326, 0.00120556, 0.000929251, 0.0036517
-0.0155786, 0.00488806, -0.560345, -3.57042e-05, -8.70285e-06, 0.000514639, 0.416371, 0.495528, 0.283865, 0.0012039, 0.000928768, 0.00361307
-0.015756, 0.0039421, -0.559745, -3.59324e-05, -8.61262e-06, 0.000515665, 0.417349, 0.49715, 0.284502, 0.0012022, 0.000928204, 0.0035708
-0.0156761, 0.00335726, -0.56177, -3.71128e-05, -8.21476e-06, 0.000518826, 0.41868, 0.498445, 0.285097, 0.00120067, 0.00092748, 0.00352499
-0.0155569, 0.00333455, -0.561759, -3.70781e-05, -8.17386e-06, 0.000518187, 0.420395, 0.499322, 0.285726, 0.00119916, 0.000926546, 0.00347422
-0.0152918, 0.00321279, -0.56115, -3.66048e-05, -8.04412e-06, 0.000515319, 0.422601, 0.499913, 0.286518, 0.0011976, 0.000925519, 0.00342099
-0.014738, 0.00364568, -0.562403, -3.69462e-05, -7.84925e-06, 0.000513685, 0.425214, 0.500484, 0.287587, 0.00119615, 0.000924586, 0.00337124
-0.0142491, 0.0165963, -0.568832, -3.85587e-05, -1.0573e-05, 0.000527415, 0.428082, 0.501243, 0.288815, 0.00119499, 0.000923844, 0.00333073
-0.0116308, 0.0666588, -0.574335, -3.1303e-05, -2.29576e-05, 0.000536931, 0.430983, 0.502235, 0.289963, 0.00119422, 0.000923315, 0.00330195
-0.0124612, 0.0397257, -0.57061, -3.56202e-05, -1.67246e-05, 0.00053176, 0.43356, 0.503357, 0.29073, 0.00119385, 0.000922984, 0.0032851
-0.014596, 0.0526158, -0.576475, -3.35518e-05, -1.90672e-05, 0.000543995, 0.435334, 0.504442, 0.291185, 0.00119377, 0.000922776, 0.0032809
-0.0149266, 0.0785933, -0.584358, -2.82242e-05, -2.30486e-05, 0.000553423, 0.436001, 0.50545, 0.291191, 0.00119345, 0.000922559, 0.00328066
-0.0146952, 0.0890956, -0.581592, -2.75385e-05, -2.48545e-05, 0.000556985, 0.435514, 0.506364, 0.290727, 0.00119247, 0.000922241, 0.00327701
0.000287385, 0.0834059, -0.582169, -3.64337e-05, -2.87867e-05, 0.000601602, 0.434, 0.507093, 0.289936, 0.00119061, 0.00092178, 0.00326374
0.00249436, 0.0829607, -0.581201, -3.865e-05, -2.95711e-05, 0.000613908, 0.431845, 0.507603, 0.288745, 0.00118781, 0.000921139, 0.0032362
-0.0100127, 0.0146477, -0.570101, -4.62298e-05, -2.57691e-05, 0.000572598, 0.429512, 0.507899, 0.287408, 0.00118433, 0.000920276, 0.0031941
-0.020043, -0.0300041, -0.563105, -5.13576e-05, -2.63455e-05, 0.000543277, 0.427504, 0.508046, 0.28623, 0.00118015, 0.000919125, 0.00313487
-0.027215, -0.0566046, -0.558459, -5.51613e-05, -2.79966e-05, 0.000524488, 0.42624, 0.508162, 0.285323, 0.00117569, 0.000917818, 0.00306643
-0.0313758, -0.0699621, -0.555356, -5.7477e-05, -2.93111e-05, 0.000513534, 0.425894, 0.508268, 0.284685, 0.00117157, 0.000916495, 0.00299881
-0.0335598, -0.073509, -0.554578, -5.71548e-05, -2.91813e-05, 0.000502855, 0.426371, 0.508348, 0.284229, 0.00116826, 0.000915301, 0.00293972
-0.0334717, -0.0695028, -0.553663, -5.7158e-05, -2.81985e-05, 0.000501799, 0.427497, 0.508441, 0.283997, 0.00116579, 0.000914284, 0.0028915
-0.0323994, -0.0607096, -0.555534, -5.5684e-05, -2.62421e-05, 0.000502598, 0.429125, 0.508585, 0.284026, 0.00116397, 0.000913391, 0.00285268
-0.0303391, -0.0491129, -0.556991, -5.47314e-05, -2.4068e-05, 0.000510255, 0.431165, 0.508862, 0.284302, 0.00116255, 0.000912567, 0.00282139
-0.0280479, -0.0359573, -0.557063, -5.41876e-05, -2.20134e-05, 0.000520865, 0.433477, 0.509307, 0.284772, 0.00116144, 0.000911828, 0.00279713
-0.0253857, -0.0230769, -0.557424, -5.34537e-05, -2.03211e-05, 0.000532316, 0.435922, 0.509871, 0.285345, 0.0011606, 0.000911204, 0.00277891
-0.0228421, -0.0108702, -0.557121, -5.27474e-05, -1.89065e-05, 0.000542759, 0.438399, 0.510529, 0.285945, 0.00115996, 0.000910688, 0.00276566
-0.0207036, -2.70974e-05, -0.558986, -5.135e-05, -1.75824e-05, 0.000549167, 0.440708, 0.511171, 0.286467, 0.00115955, 0.000910303, 0.00275707
-0.0183049, 0.00931757, -0.560565, -5.0432e-05, -1.68399e-05, 0.000554681, 0.442588, 0.51172, 0.286874, 0.00115936, 0.000910069, 0.00275293
-0.0164445, 0.017068, -0.562558, -4.9547e-05, -1.63468e-05, 0.000556982, 0.443908, 0.512245, 0.287152, 0.0011593, 0.000909939, 0.0027519
-0.01512, 0.0235464, -0.563542, -4.87603e-05, -1.59309e-05, 0.000557586, 0.444648, 0.512806, 0.28722, 0.0011592, 0.000909851, 0.00275185
-0.0137694, 0.0280293, -0.56512, -4.81032e-05, -1.57404e-05, 0.000556729, 0.44478, 0.513416, 0.287079, 0.00115888, 0.000909789, 0.00275073
-0.0133992, 0.0309599, -0.565318, -4.76376e-05, -1.55138e-05, 0.000556184, 0.444436, 0.51406, 0.286795, 0.00115824, 0.000909747, 0.00274728
-0.012979, 0.0324756, -0.565019, -4.71476e-05, -1.54102e-05, 0.000555213, 0.443764, 0.514745, 0.286454, 0.00115727, 0.000909726, 0.00274096
-0.0127066, 0.0332251, -0.566193, -4.73296e-05, -1.53672e-05, 0.000555091, 0.442902, 0.515415, 0.286075, 0.00115592, 0.00090971, 0.0027316
-0.0130509, 0.0328751, -0.565921, -4.7459e-05, -1.5412e-05, 0.000556239, 0.441959, 0.516037, 0.285749, 0.00115413, 0.000909693, 0.00271896
-0.0129333, 0.0314193, -0.565188, -4.72262e-05, -1.54565e-05, 0.000555663, 0.441034, 0.516569, 0.2855, 0.00115188, 0.000909668, 0.00270315
-0.0128936, 0.0293496, -0.565236, -4.76403e-05, -1.54504e-05, 0.00055618, 0.440209, 0.517023, 0.285276, 0.00114905, 0.00090963, 0.00268345
-0.0127744, 0.0271901, -0.565392, -4.81309e-05, -1.54025e-05, 0.000556428, 0.439597, 0.517382, 0.285072, 0.00114554, 0.000909564, 0.00265928
-0.0124144, 0.024926, -0.565149, -4.81063e-05, -1.52967e-05, 0.000555012, 0.439348, 0.517631, 0.285013, 0.00114154, 0.000909479, 0.00263208
-0.0122965, 0.0230788, -0.565587, -4.8704e-05, -1.52327e-05, 0.00055478, 0.439511, 0.517731, 0.285252, 0.00113734, 0.000909385, 0.00260433
-0.0120625, 0.0208151, -0.565355, -4.85641e-05, -1.5167e-05, 0.000552947, 0.440053, 0.517701, 0.285839, 0.00113322, 0.000909273, 0.00257797
-0.011493, 0.0193714, -0.565811, -4.87445e-05, -1.50205e-05, 0.0005506, 0.440949, 0.517647, 0.286746, 0.00112933, 0.000909143, 0.00255363
-0.0105175, 0.0177703, -0.566116, -4.85596e-05, -1.48262e-05, 0.000546578, 0.442212, 0.517719, 0.287863, 0.0011258, 0.000909026, 0.00253156
-0.009722, 0.0509971, -0.563452, -4.18268e-05, -1.52779e-05, 0.000549523, 0.44378, 0.517987, 0.289136, 0.00112278, 0.000908932, 0.00251261
-0.00504779, 0.0619616, -0.553699, -3.01786e-05, -1.53957e-05, 0.000527217, 0.445559, 0.518414, 0.290351, 0.00112029, 0.000908876, 0.00249644
-0.00304422, 0.0883127, -0.547607, -2.19809e-05, -1.55794e-05, 0.000522763, 0.447387, 0.518967, 0.291361, 0.00111857, 0.000908857, 0.00248501
-0.00475062, 0.0691397, -0.562005, -3.13751e-05, -1.53348e-05, 0.000531169, 0.449008, 0.519596, 0.29206, 0.00111762, 0.000908851, 0.00247816
-0.0113571, 0.0525877, -0.568244, -3.64274e-05, -1.49992e-05, 0.000539936, 0.450216, 0.520321, 0.292444, 0.00111729, 0.000908847, 0.00247601
-0.0192401, 0.0492004, -0.57176, -3.76458e-05, -1.44227e-05, 0.000543087, 0.450947, 0.521021, 0.292387, 0.00111719, 0.000908816, 0.00247584
-0.0263759, 0.0368122, -0.587567, -3.55309e-05, -1.41278e-05, 0.000538643, 0.451193, 0.521693, 0.291913, 0.00111692, 0.000908741, 0.00247523
-0.0173242, -0.0029873, -0.578623, -4.86372e-05, -1.51337e-05, 0.000570949, 0.451056, 0.522384, 0.291057, 0.00111606, 0.000908576, 0.00247186
-0.0102352, -0.0263105, -0.570125, -6.12197e-05, -1.60392e-05, 0.000598734, 0.450617, 0.522896, 0.289926, 0.00111409, 0.00090826, 0.00246232
-0.00601001, -0.0382406, -0.563614, -7.09839e-05, -1.69717e-05, 0.000618547, 0.450056, 0.5231, 0.288581, 0.00111075, 0.000907764, 0.00244465
-0.00357844, -0.0427063, -0.560902, -7.57464e-05, -1.76736e-05, 0.000629772, 0.44963, 0.523001, 0.287148, 0.00110623, 0.000907112, 0.00241946
-0.00326672, -0.041501, -0.559119, -7.75045e-05, -1.76202e-05, 0.000631998, 0.44963, 0.522801, 0.285837, 0.00110111, 0.000906385, 0.00239061
-0.0035638, -0.0365662, -0.558329, -7.73267e-05, -1.76161e-05, 0.000632084, 0.450174, 0.522652, 0.284817, 0.0010961, 0.000905673, 0.00236289
-0.00394035, -0.0293455, -0.557193, -7.71514e-05, -1.79001e-05, 0.000633359, 0.451188, 0.52264, 0.284176, 0.00109167, 0.000905047, 0.00233961
-0.00547348, -0.0207406, -0.556856, -7.54313e-05, -1.81269e-05, 0.000631273, 0.452481, 0.522797, 0.283897, 0.00108809, 0.000904542, 0.00232207
-0.00696519, -0.0117526, -0.556493, -7.39532e-05, -1.85647e-05, 0.000630345, 0.453829, 0.523081, 0.283877, 0.00108548, 0.000904177, 0.00231012
-0.00870141, -0.0032305, -0.556339, -7.24403e-05, -1.90193e-05, 0.000629327, 0.455108, 0.523499, 0.284059, 0.00108372, 0.000903913, 0.00230292
-0.0105376, 0.00474394, -0.557164, -7.06702e-05, -1.95259e-05, 0.000628899, 0.456236, 0.524031, 0.284382, 0.00108261, 0.000903695, 0.00229907
-0.0125868, 0.0120869, -0.555726, -7.00773e-05, -2.05577e-05, 0.000630702, 0.45714, 0.524624, 0.284765, 0.00108193, 0.000903461, 0.00229724
-0.0145503, 0.0182778, -0.556409, -6.93332e-05, -2.14765e-05, 0.000633895, 0.457735, 0.525179, 0.285229, 0.00108155, 0.000903152, 0.00229621
-0.0160797, 0.0229412, -0.559354, -6.89547e-05, -2.18959e-05, 0.000638117, 0.457969, 0.525592, 0.285667, 0.00108134, 0.000902761, 0.00229483
-0.0171518, 0.0269238, -0.56159, -6.91165e-05, -2.23361e-05, 0.000642863, 0.457875, 0.525911, 0.286159, 0.00108118, 0.000902219, 0.00229262
-0.0180535, 0.0297638, -0.562175, -6.93151e-05, -2.29484e-05, 0.000646766, 0.457526, 0.526229, 0.286761, 0.001081, 0.0009015, 0.00228966
-0.0188752, 0.0314364, -0.562001, -6.93523e-05, -2.35172e-05, 0.000649449, 0.457016, 0.526537, 0.28745, 0.00108079, 0.000900689, 0.00228624
-0.0193284, 0.032111, -0.562133, -6.93807e-05, -2.36729e-05, 0.000650684, 0.456426, 0.526811, 0.288164, 0.00108054, 0.000899898, 0.00228244
-0.019319, 0.0322297, -0.561362, -6.92489e-05, -2.39848e-05, 0.000650652, 0.45576, 0.527031, 0.288852, 0.00108025, 0.000899157, 0.00227874
-0.0179061, 0.0322865, -0.562745, -6.97847e-05, -2.34929e-05, 0.000649406, 0.45521, 0.527259, 0.289352, 0.00107995, 0.000898649, 0.00227569
-0.0163973, 0.0317577, -0.563182, -7.0149e-05, -2.31829e-05, 0.000647806, 0.454878, 0.5276, 0.289593, 0.00107963, 0.000898362, 0.00227325
-0.0148784, 0.0313896, -0.564281, -7.07391e-05, -2.29627e-05, 0.000646812, 0.454802, 0.528146, 0.289561, 0.00107923, 0.000898219, 0.00227071
-0.0133945, 0.03086, -0.565103, -7.13696e-05, -2.29273e-05, 0.000646574, 0.455008, 0.528971, 0.289195, 0.00107866, 0.000898127, 0.00226712
-0.012308, 0.0302461, -0.565813, -7.19872e-05, -2.30453e-05, 0.000647196, 0.455467, 0.530127, 0.288567, 0.00107781, 0.000897952, 0.0022614
-0.0105902, 0.0297571, -0.566189, -7.26375e-05, -2.33039e-05, 0.000647766, 0.456163, 0.531695, 0.287763, 0.00107656, 0.000897568, 0.00225247
-0.00920957, 0.0292338, -0.565714, -7.31849e-05, -2.33586e-05, 0.000648959, 0.457082, 0.533755, 0.286938, 0.00107483, 0.00089694, 0.00223966
-0.00844084, 0.0291754, -0.565815, -7.33685e-05, -2.35521e-05, 0.000649159, 0.458163, 0.536253, 0.286183, 0.00107274, 0.000896042, 0.00222398
-0.00779615, 0.0287612, -0.56468, -7.3667e-05, -2.32256e-05, 0.000650396, 0.459351, 0.539062, 0.285642, 0.00107053, 0.000895064, 0.00220738
-0.00845268, 0.0287325, -0.564383, -7.36277e-05, -2.29635e-05, 0.000650584, 0.460554, 0.541967, 0.285276, 0.00106854, 0.000894045, 0.00219278
-0.00872179, 0.0289514, -0.56316, -7.32861e-05, -2.22593e-05, 0.000650212, 0.461664, 0.544672, 0.284906, 0.00106705, 0.000892851, 0.0021825
-0.00969339, 0.0292574, -0.564042, -7.32872e-05, -2.24212e-05, 0.000650069, 0.462776, 0.546981, 0.284635, 0.00106609, 0.000891891, 0.00217721
-0.0109637, 0.0296191, -0.565771, -7.34387e-05, -2.2729e-05, 0.000649889, 0.463895, 0.548748, 0.284425, 0.00106556, 0.000891238, 0.00217544
-0.0118106, 0.0293473, -0.565632, -7.35653e-05, -2.25864e-05, 0.000649986, 0.464952, 0.549967, 0.284298, 0.00106527, 0.000890933, 0.00217524
-0.0125065, 0.0290815, -0.565522, -7.37033e-05, -2.25179e-05, 0.000650093, 0.465838, 0.55063, 0.284203, 0.00106512, 0.000890796, 0.00217496
-0.0139064, 0.0287646, -0.565303, -7.38884e-05, -2.23748e-05, 0.000649602, 0.466527, 0.550651, 0.284077, 0.00106499, 0.000890702, 0.00217362
-0.0148028, 0.0279877, -0.56459, -7.38474e-05, -2.23752e-05, 0.000648386, 0.466991, 0.549975, 0.283884, 0.00106476, 0.000890631, 0.00217
-0.0155422, 0.02672, -0.564431, -7.36297e-05, -2.24038e-05, 0.000645847, 0.467267, 0.548713, 0.283695, 0.0010643, 0.00089054, 0.00216304
-0.0163287, 0.0253251, -0.56349, -7.32599e-05, -2.25551e-05, 0.000642565, 0.467443, 0.547118, 0.283535, 0.00106355, 0.000890415, 0.0021525
-0.0172172, 0.0241956, -0.561985, -7.29885e-05, -2.28473e-05, 0.000639557, 0.467597, 0.545516, 0.283499, 0.00106259, 0.000890223, 0.0021391
-0.018124, 0.0234907, -0.562063, -7.28842e-05, -2.27831e-05, 0.000637026, 0.467833, 0.544134, 0.283612, 0.00106153, 0.000889991, 0.00212396
-0.0198331, 0.0231223, -0.562085, -7.30878e-05, -2.26244e-05, 0.000634442, 0.46818, 0.543068, 0.2839, 0.00106044, 0.000889734, 0.00210817
-0.019709, 0.0218635, -0.562699, -7.24789e-05, -2.24742e-05, 0.000631136, 0.46861, 0.542366, 0.284416, 0.00105938, 0.000889431, 0.00209266
-0.0189497, 0.0200653, -0.562459, -7.16106e-05, -2.2621e-05, 0.000627165, 0.469132, 0.542094, 0.28516, 0.00105845, 0.000889081, 0.0020785
-0.0181643, 0.018092, -0.563317, -7.06502e-05, -2.24766e-05, 0.000622874, 0.469788, 0.542253, 0.28604, 0.00105772, 0.000888739, 0.00206648
-0.0174972, 0.0161917, -0.564549, -6.9846e-05, -2.22842e-05, 0.000618952, 0.470595, 0.542798, 0.286935, 0.00105721, 0.000888459, 0.00205722
-0.0164723, 0.014201, -0.564855, -6.92401e-05, -2.23851e-05, 0.000615661, 0.471474, 0.54361, 0.287721, 0.00105692, 0.00088827, 0.00205116
-0.0150357, 0.012856, -0.564481, -6.88619e-05, -2.26263e-05, 0.000614089, 0.47234, 0.544534, 0.288283, 0.00105679, 0.000888169, 0.00204796
-0.0133539, 0.011804, -0.564512, -6.86546e-05, -2.28319e-05, 0.000613082, 0.473137, 0.545467, 0.288491, 0.00105672, 0.000888111, 0.00204684
0.0177176, 0.00997476, -0.559353, -6.5718e-05, -2.57189e-05, 0.000605219, 0.473891, 0.546362, 0.28837, 0.00105659, 0.00088802, 0.00204659
0.0650231, 0.00877283, -0.550748, -6.31907e-05, -2.98985e-05, 0.000589285, 0.474664, 0.547259, 0.287888, 0.0010563, 0.000887863, 0.00204599
0.0291243, 0.00903464, -0.55774, -6.30734e-05, -2.71149e-05, 0.000600737, 0.475452, 0.548183, 0.287014, 0.0010557, 0.000887578, 0.00204398
0.00354666, 0.00953153, -0.562842, -6.14242e-05, -2.55994e-05, 0.000608655, 0.476172, 0.549125, 0.285926, 0.00105459, 0.000886972, 0.00203744
-0.0139301, 0.010055, -0.565695, -5.90885e-05, -2.44777e-05, 0.000612075, 0.47679, 0.550204, 0.284692, 0.00105293, 0.000885987, 0.00202524
-0.0246015, 0.0114257, -0.567665, -5.6462e-05, -2.3849e-05, 0.000609924, 0.477314, 0.551535, 0.283465, 0.00105082, 0.000884666, 0.00200759
-0.0306222, 0.012876, -0.569134, -5.4268e-05, -2.35614e-05, 0.000605512, 0.477815, 0.553261, 0.282398, 0.00104841, 0.000883089, 0.00198613
-0.0334346, 0.0145659, -0.569463, -5.20861e-05, -2.29855e-05, 0.000598777, 0.478411, 0.555438, 0.281648, 0.0010459, 0.000881489, 0.00196309
-0.0337941, 0.0163418, -0.568976, -5.01229e-05, -2.23425e-05, 0.000591094, 0.479159, 0.558015, 0.281285, 0.00104347, 0.000880102, 0.00194082
-0.0317114, 0.0177141, -0.566174, -4.87509e-05, -2.11973e-05, 0.000584728, 0.480027, 0.560844, 0.28127, 0.00104134, 0.000879015, 0.00192169
-0.0305697, 0.0193651, -0.566368, -4.75063e-05, -2.12845e-05, 0.000578853, 0.480973, 0.563691, 0.281533, 0.00103967, 0.000878359, 0.00190735
-0.0286596, 0.0206449, -0.566711, -4.68523e-05, -2.15709e-05, 0.000575551, 0.481859, 0.566321, 0.281883, 0.00103852, 0.000877943, 0.00189822
-0.0262952, 0.0214046, -0.567178, -4.66407e-05, -2.19118e-05, 0.000574351, 0.482653, 0.568514, 0.282233, 0.00103782, 0.000877748, 0.00189361
-0.0242394, 0.0219355, -0.566849, -4.662e-05, -2.20835e-05, 0.000574063, 0.483271, 0.570091, 0.282512, 0.00103748, 0.000877706, 0.00189217
-0.022557, 0.0217561, -0.568512, -4.64664e-05, -2.19666e-05, 0.000574139, 0.48359, 0.57089, 0.282666, 0.00103737, 0.000877618, 0.00189208
-0.0506251, 0.0206654, -0.568579, -4.64438e-05, -2.13687e-05, 0.000569683, 0.483513, 0.57083, 0.282675, 0.00103732, 0.000877341, 0.00189159
-0.0866247, 0.0231637, -0.565176, -4.77129e-05, -2.30572e-05, 0.000565876, 0.483044, 0.569974, 0.282514, 0.00103719, 0.000876763, 0.00188975
-0.050427, 0.020863, -0.564767, -4.6104e-05, -2.22041e-05, 0.000569836, 0.482303, 0.568591, 0.282319, 0.00103695, 0.000875818, 0.00188607
-0.0243779, 0.0180506, -0.56352, -4.3976e-05, -2.20227e-05, 0.000571014, 0.481489, 0.567094, 0.282344, 0.00103657, 0.000874589, 0.00187882
-0.00695741, 0.0150982, -0.561785, -4.19127e-05, -2.24732e-05, 0.000570033, 0.480717, 0.565703, 0.282571, 0.00103608, 0.000873229, 0.00186869
0.00459769, 0.0124815, -0.561668, -4.01086e-05, -2.22898e-05, 0.000567978, 0.480061, 0.564574, 0.282985, 0.00103556, 0.000871843, 0.00185685
0.0113894, 0.0104275, -0.562682, -3.88029e-05, -2.16189e-05, 0.000565518, 0.479558, 0.563811, 0.28358, 0.00103507, 0.000870472, 0.0018444
0.0138568, 0.00916275, -0.563783, -3.81309e-05, -2.0951e-05, 0.000563361, 0.47922, 0.563451, 0.284367, 0.00103462, 0.000869129, 0.00183213
0.0140807, 0.00802633, -0.563454, -3.78123e-05, -2.10069e-05, 0.000560887, 0.479024, 0.563494, 0.28536, 0.00103426, 0.000867803, 0.00182078
0.0122773, 0.00694205, -0.562631, -3.77329e-05, -2.11936e-05, 0.000557946, 0.47895, 0.563914, 0.286555, 0.00103398, 0.000866506, 0.00181076
0.0100914, 0.00563614, -0.56302, -3.75713e-05, -2.06268e-05, 0.000554547, 0.478996, 0.56465, 0.287915, 0.0010338, 0.000865289, 0.00180227
0.00661433, 0.00456439, -0.562187, -3.75566e-05, -2.06116e-05, 0.000551835, 0.479114, 0.565578, 0.289379, 0.00103368, 0.0008642, 0.00179542
0.00299025, 0.00356956, -0.562961, -3.74163e-05, -1.98414e-05, 0.000549658, 0.479306, 0.56661, 0.290814, 0.00103361, 0.000863343, 0.00179011
0.000138503, 0.00226515, -0.562735, -3.7259e-05, -1.95116e-05, 0.000547705, 0.479602, 0.567743, 0.292116, 0.00103357, 0.000862733, 0.00178638
-0.00240147, 0.00103504, -0.562124, -3.70872e-05, -1.93701e-05, 0.000546674, 0.479927, 0.56891, 0.293312, 0.00103356, 0.000862241, 0.00178437
-0.00445616, 0.000218042, -0.562542, -3.69764e-05, -1.90327e-05, 0.000546587, 0.480321, 0.569978, 0.294156, 0.00103351, 0.000861965, 0.00178379
-0.0055707, -7.82877e-05, -0.562346, -3.68598e-05, -1.89563e-05, 0.000546849, 0.480794, 0.570861, 0.294539, 0.00103334, 0.000861847, 0.00178365
-0.00630551, -0.000290918, -0.562954, -3.67946e-05, -1.88988e-05, 0.000547144, 0.481372, 0.571596, 0.294344, 0.00103295, 0.000861788, 0.00178256
-0.00656247, 8.55042e-05, -0.561505, -3.6474e-05, -1.86788e-05, 0.000546572, 0.482044, 0.572314, 0.293488, 0.00103224, 0.000861616, 0.00177914
-0.00684761, 0.000870735, -0.560921, -3.59525e-05, -1.85191e-05, 0.000545079, 0.482786, 0.573156, 0.292144, 0.00103115, 0.000861191, 0.0017726
-0.00719356, 0.00189927, -0.560766, -3.52051e-05, -1.84391e-05, 0.000542677, 0.483583, 0.574222, 0.290549, 0.00102969, 0.000860478, 0.0017628
-0.00736679, 0.00345873, -0.561068, -3.41121e-05, -1.85584e-05, 0.000538502, 0.484385, 0.575552, 0.288912, 0.00102795, 0.000859488, 0.00175026
-0.00806718, 0.00472758, -0.562078, -3.30092e-05, -1.89367e-05, 0.000534758, 0.485215, 0.577171, 0.287483, 0.00102605, 0.000858366, 0.001736
-0.00831057, 0.00601651, -0.560945, -3.18103e-05, -1.83568e-05, 0.000530558, 0.48609, 0.579061, 0.286417, 0.00102415, 0.000857278, 0.00172142
-0.00900158, 0.00711536, -0.561095, -3.07207e-05, -1.83199e-05, 0.000527125, 0.486978, 0.581152, 0.285727, 0.0010224, 0.000856284, 0.00170829
-0.0101126, 0.00856266, -0.562083, -2.93565e-05, -1.85844e-05, 0.000523152, 0.487887, 0.583338, 0.285378, 0.00102093, 0.000855468, 0.00169802
-0.0112484, 0.00947053, -0.563414, -2.84584e-05, -1.8883e-05, 0.000521116, 0.488773, 0.585412, 0.285328, 0.00101982, 0.000854955, 0.00169098
-0.0125666, 0.010095, -0.563532, -2.77626e-05, -1.88006e-05, 0.000519912, 0.489551, 0.587204, 0.285479, 0.00101906, 0.00085471, 0.00168687
-0.0142441, 0.0108167, -0.563355, -2.71082e-05, -1.86984e-05, 0.000519028, 0.490203, 0.588657, 0.285717, 0.0010186, 0.000854631, 0.00168514
-0.0156577, 0.0114364, -0.564272, -2.6697e-05, -1.86436e-05, 0.000518782, 0.490762, 0.589769, 0.285926, 0.00101835, 0.000854585, 0.00168483
-0.0171547, 0.0117418, -0.56609, -2.64928e-05, -1.83208e-05, 0.000518761, 0.49127, 0.590581, 0.286106, 0.00101825, 0.000854457, 0.00168474
-0.0177669, 0.0117553, -0.564035, -2.63699e-05, -1.8786e-05, 0.000518898, 0.491692, 0.591137, 0.286291, 0.00101822, 0.000854151, 0.00168389
-0.0185709, 0.0115201, -0.562579, -2.62831e-05, -1.92289e-05, 0.000518854, 0.49186, 0.59134, 0.286562, 0.00101819, 0.000853619, 0.00168185
-0.0193396, 0.0109368, -0.562981, -2.64087e-05, -1.90155e-05, 0.000517929, 0.491759, 0.59112, 0.286968, 0.00101807, 0.000852872, 0.00167827
-0.019177, 0.0103496, -0.565236, -2.67233e-05, -1.80964e-05, 0.00051653, 0.49173, 0.590684, 0.287436, 0.00101769, 0.000852075, 0.00167257
-0.0186762, 0.00875595, -0.564742, -2.61779e-05, -1.85877e-05, 0.000514462, 0.49185, 0.590487, 0.288174, 0.001017, 0.000851014, 0.00166603
-0.0186267, 0.00706803, -0.56356, -2.55115e-05, -1.96124e-05, 0.000512772, 0.492089, 0.590651, 0.289331, 0.0010159, 0.000849547, 0.00165953
-0.0192313, 0.00557592, -0.561402, -2.46226e-05, -2.11731e-05, 0.000511721, 0.492432, 0.590935, 0.290809, 0.00101433, 0.000847864, 0.00165401
-0.0189159, 0.00469646, -0.560693, -2.39222e-05, -2.1848e-05, 0.000511128, 0.492683, 0.590913, 0.292421, 0.00101233, 0.00084621, 0.00164985
-0.018228, 0.0040537, -0.560562, -2.3258e-05, -2.21103e-05, 0.000510815, 0.492506, 0.590095, 0.293919, 0.00100996, 0.000844759, 0.00164695
-0.0170997, 0.00399591, -0.561887, -2.30296e-05, -2.16364e-05, 0.00051073, 0.491578, 0.58806, 0.295036, 0.00100728, 0.000843511, 0.00164485
-0.0160005, 0.00394965, -0.562966, -2.27499e-05, -2.12699e-05, 0.000511246, 0.489929, 0.584818, 0.295638, 0.00100428, 0.00084231, 0.00164295
-0.0147672, 0.00470543, -0.565946, -2.30587e-05, -2.05083e-05, 0.000511592, 0.487872, 0.580692, 0.29585, 0.00100105, 0.00084105, 0.00164116
-0.0139479, 0.00475454, -0.566207, -2.27263e-05, -2.02294e-05, 0.000512046, 0.485651, 0.576232, 0.296118, 0.000997996, 0.000839745, 0.00164023
-0.0141254, 0.00422888, -0.565474, -2.24895e-05, -2.05405e-05, 0.000512446, 0.483692, 0.571947, 0.296286, 0.000995321, 0.000838582, 0.00163952
-0.0139726, 0.00447232, -0.565948, -2.26217e-05, -2.05042e-05, 0.000513017, 0.482312, 0.568103, 0.296065, 0.00099307, 0.000837626, 0.0016385
-0.0133125, 0.0043027, -0.563921, -2.24419e-05, -2.01219e-05, 0.000513317, 0.481544, 0.565057, 0.295548, 0.000991451, 0.000836815, 0.0016379
-0.0134654, 0.0043021, -0.562146, -2.27153e-05, -1.98208e-05, 0.000513419, 0.481413, 0.563221, 0.294852, 0.000990495, 0.000836141, 0.00163752
-0.0137414, 0.0043261, -0.560682, -2.3207e-05, -1.94055e-05, 0.000513513, 0.482046, 0.562717, 0.29381, 0.000989897, 0.000835349, 0.00163696
-0.0133395, 0.00425055, -0.560313, -2.32945e-05, -1.93345e-05, 0.000513657, 0.483272, 0.563404, 0.292397, 0.000989329, 0.000834139, 0.00163631
-0.0121355, 0.00423733, -0.558035, -2.39474e-05, -1.84053e-05, 0.000513495, 0.484847, 0.565099, 0.290746, 0.000988484, 0.000832401, 0.00163569
-0.012278, 0.00432274, -0.559565, -2.33468e-05, -1.93493e-05, 0.000513777, 0.486569, 0.567492, 0.28901, 0.000987123, 0.000830238, 0.0016349
-0.0119874, 0.00431159, -0.560798, -2.3105e-05, -2.04737e-05, 0.000513873, 0.488127, 0.5702, 0.28708, 0.000985169, 0.000827095, 0.00163407
-0.0166693, 0.00236624, -0.574632, -1.83324e-05, -3.04711e-05, 0.000517049, 0.489379, 0.572901, 0.285144, 0.00098258, 0.000823206, 0.00163328
-0.0113402, 0.00471706, -0.566018, -2.25096e-05, -2.41479e-05, 0.000514035, 0.490158, 0.575421, 0.283246, 0.000979353, 0.000818232, 0.00163234
-0.00823229, 0.00614922, -0.561106, -2.50503e-05, -2.08481e-05, 0.000512786, 0.490816, 0.577746, 0.281759, 0.00097572, 0.00081354, 0.00163151
-0.006425, 0.00729351, -0.558458, -2.63912e-05, -1.93026e-05, 0.000511789, 0.491347, 0.579931, 0.28061, 0.000971811, 0.000808821, 0.00163088
-0.00601382, 0.00806375, -0.557701, -2.64671e-05, -1.91381e-05, 0.000511384, 0.491747, 0.581909, 0.279763, 0.000967972, 0.000804199, 0.00163042
-0.00686439, 0.00808366, -0.558408, -2.56653e-05, -1.9758e-05, 0.000511667, 0.491954, 0.583616, 0.279162, 0.000964382, 0.0007997, 0.00163005
-0.00825295, 0.00808277, -0.559938, -2.45338e-05, -2.10743e-05, 0.000512082, 0.491938, 0.585011, 0.278782, 0.000961116, 0.000795355, 0.00162972
-0.00921469, 0.00799156, -0.561482, -2.39426e-05, -2.22497e-05, 0.000512381, 0.491796, 0.586105, 0.278631, 0.000958263, 0.000791438, 0.00162951
-0.00922952, 0.00833858, -0.561593, -2.39147e-05, -2.25134e-05, 0.000512364, 0.491616, 0.586927, 0.278685, 0.000955867, 0.000788209, 0.00162938
-0.00982821, 0.00831903, -0.562726, -2.36595e-05, -2.32226e-05, 0.000512526, 0.491367, 0.587499, 0.278877, 0.000953933, 0.00078556, 0.00162929
-0.010677, 0.00830366, -0.563745, -2.32764e-05, -2.38256e-05, 0.000512696, 0.491046, 0.587854, 0.279154, 0.000952424, 0.000783405, 0.00162922
-0.0108285, 0.00843301, -0.563958, -2.32294e-05, -2.39851e-05, 0.000512726, 0.490676, 0.588019, 0.279485, 0.000951286, 0.00078172, 0.00162918
-0.0121109, 0.00856143, -0.56617, -2.29371e-05, -2.50102e-05, 0.000512945, 0.490262, 0.588024, 0.279841, 0.000950458, 0.000780417, 0.00162915
-0.0125938, 0.00875294, -0.567704, -2.29397e-05, -2.56165e-05, 0.000513065, 0.489842, 0.587909, 0.280201, 0.000949877, 0.000779464, 0.00162912
-0.0120024, 0.00906881, -0.567592, -2.31102e-05, -2.56095e-05, 0.000513264, 0.489444, 0.58769, 0.28051, 0.000949476, 0.00077887, 0.00162902
-0.0107945, 0.00877579, -0.565005, -2.31345e-05, -2.51539e-05, 0.000512938, 0.489133, 0.587377, 0.280705, 0.000949183, 0.000778633, 0.00162847
-0.0106331, 0.00870111, -0.563835, -2.30677e-05, -2.50064e-05, 0.000512875, 0.488878, 0.587043, 0.280875, 0.000949038, 0.000778492, 0.00162845
-0.0102903, 0.00872851, -0.563492, -2.30801e-05, -2.49791e-05, 0.000512877, 0.488709, 0.586701, 0.280969, 0.000948964, 0.00077844, 0.00162842
-0.0103014, 0.00878845, -0.563198, -2.30618e-05, -2.49818e-05, 0.000512885, 0.488623, 0.586389, 0.280975, 0.000948921, 0.000778429, 0.00162839
-0.0106432, 0.00904825, -0.563412, -2.30981e-05, -2.49775e-05, 0.00051293, 0.4886, 0.586148, 0.280904, 0.000948881, 0.000778414, 0.00162836
-0.011246, 0.00945238, -0.562955, -2.31011e-05, -2.50193e-05, 0.00051302, 0.488661, 0.586015, 0.280779, 0.000948839, 0.000778363, 0.00162833
-0.0118945, 0.0100515, -0.563049, -2.31496e-05, -2.49681e-05, 0.000513011, 0.488846, 0.585993, 0.2806, 0.000948813, 0.000778246, 0.00162832
-0.0122552, 0.0104569, -0.563144, -2.317e-05, -2.49119e-05, 0.000512961, 0.489128, 0.586078, 0.280371, 0.000948787, 0.000778048, 0.00162829
-0.0129401, 0.0111818, -0.563747, -2.31984e-05, -2.46906e-05, 0.000512814, 0.48947, 0.586265, 0.280116, 0.000948747, 0.000777772, 0.00162824
-0.013467, 0.0115796, -0.563354, -2.32397e-05, -2.47176e-05, 0.000512739, 0.489873, 0.586555, 0.279859, 0.000948693, 0.000777442, 0.00162816
-0.0138708, 0.011977, -0.56301, -2.32669e-05, -2.47456e-05, 0.000512677, 0.490308, 0.586938, 0.27961, 0.000948629, 0.00077707, 0.00162809
-0.0144802, 0.0123358, -0.562824, -2.33012e-05, -2.47115e-05, 0.000512567, 0.490781, 0.587413, 0.279383, 0.000948558, 0.000776688, 0.00162801
-0.0149041, 0.0123977, -0.562444, -2.33498e-05, -2.47667e-05, 0.000512521, 0.491285, 0.587972, 0.279183, 0.000948482, 0.000776319, 0.00162794
-0.0154399, 0.0128939, -0.562542, -2.33306e-05, -2.46593e-05, 0.000512408, 0.491822, 0.588604, 0.279012, 0.000948405, 0.000775983, 0.00162788
-0.0159942, 0.0131873, -0.56305, -2.33103e-05, -2.44719e-05, 0.000512302, 0.492385, 0.589299, 0.278869, 0.000948327, 0.000775692, 0.00162783
-0.0164857, 0.0132677, -0.563419, -2.33101e-05, -2.43451e-05, 0.000512233, 0.492975, 0.590046, 0.278755, 0.000948251, 0.00077545, 0.0016278
-0.0167351, 0.0133542, -0.563474, -2.33081e-05, -2.43082e-05, 0.000512207, 0.493587, 0.590835, 0.278669, 0.000948177, 0.000775257, 0.00162777
-0.0169901, 0.0132844, -0.564007, -2.33114e-05, -2.42047e-05, 0.000512188, 0.494209, 0.591651, 0.278601, 0.000948104, 0.000775107, 0.00162775
-0.0170568, 0.0131927, -0.56398, -2.33243e-05, -2.42055e-05, 0.000512194, 0.494842, 0.592489, 0.278552, 0.000948033, 0.000774994, 0.00162773
-0.0168629, 0.0127913, -0.563335, -2.33917e-05, -2.42918e-05, 0.000512224, 0.495478, 0.593341, 0.278517, 0.000947963, 0.00077491, 0.00162772
-0.0172051, 0.0125529, -0.564558, -2.34131e-05, -2.41672e-05, 0.000512237, 0.496101, 0.594201, 0.27849, 0.000947894, 0.000774847, 0.00162771
-0.0170464, 0.0123447, -0.564519, -2.34457e-05, -2.41815e-05, 0.000512255, 0.496744, 0.595063, 0.278479, 0.000947827, 0.0007748, 0.0016277
-0.0169829, 0.0123277, -0.563964, -2.34497e-05, -2.4209e-05, 0.000512259, 0.497367, 0.595915, 0.278464, 0.00094776, 0.000774762, 0.0016277
-0.0168539, 0.0122995, -0.563692, -2.34536e-05, -2.4224e-05, 0.00051226, 0.497977, 0.596754, 0.278452, 0.000947697, 0.00077473, 0.00162769
-0.0171137, 0.0121969, -0.563652, -2.34637e-05, -2.42039e-05, 0.000512266, 0.498577, 0.597581, 0.278445, 0.000947635, 0.000774701, 0.00162769
-0.017201, 0.0123413, -0.563671, -2.34437e-05, -2.41988e-05, 0.000512265, 0.499174, 0.5984, 0.278445, 0.000947574, 0.000774673, 0.00162768
-0.0169448, 0.0124806, -0.56319, -2.34257e-05, -2.42158e-05, 0.000512256, 0.499766, 0.59921, 0.278449, 0.000947515, 0.000774645, 0.00162768
-0.0171204, 0.0122104, -0.562815, -2.34561e-05, -2.41922e-05, 0.000512266, 0.500346, 0.600004, 0.27845, 0.000947457, 0.000774617, 0.00162767
-0.0166829, 0.0123835, -0.562624, -2.34402e-05, -2.42243e-05, 0.000512257, 0.50092, 0.600786, 0.278453, 0.000947402, 0.000774589, 0.00162767
-0.0167245, 0.0125083, -0.562325, -2.34215e-05, -2.42155e-05, 0.000512253, 0.501496, 0.601563, 0.278462, 0.000947347, 0.000774561, 0.00162766
-0.0165789, 0.0125502, -0.561503, -2.34087e-05, -2.42099e-05, 0.000512247, 0.502074, 0.602336, 0.278475, 0.000947294, 0.000774533, 0.00162766
-0.0165679, 0.0128205, -0.561393, -2.33754e-05, -2.42112e-05, 0.00051224, 0.502647, 0.603101, 0.278482, 0.000947241, 0.000774505, 0.00162765
-0.0164155, 0.0129316, -0.561187, -2.33657e-05, -2.42217e-05, 0.000512239, 0.503224, 0.603865, 0.278486, 0.000947188, 0.000774477, 0.00162765
-0.0161845, 0.0132312, -0.560744, -2.33269e-05, -2.42316e-05, 0.000512227, 0.503802, 0.604628, 0.278488, 0.000947136, 0.000774449, 0.00162764
-0.0163686, 0.0134603, -0.560692, -2.32988e-05, -2.42214e-05, 0.000512225, 0.504386, 0.605391, 0.278489, 0.000947084, 0.000774421, 0.00162764
-0.0163826, 0.0136764, -0.561044, -2.32738e-05, -2.42236e-05, 0.000512212, 0.504976, 0.606158, 0.278491, 0.000947031, 0.000774393, 0.00162763
-0.0166296, 0.0137507, -0.561037, -2.32628e-05, -2.42074e-05, 0.000512211, 0.505574, 0.606931, 0.278495, 0.000946977, 0.000774364, 0.00162763
-0.0170139, 0.013932, -0.561347, -2.32385e-05, -2.41775e-05, 0.000512194, 0.506175, 0.607703, 0.278495, 0.000946923, 0.000774335, 0.00162762
-0.016876, 0.0141113, -0.561106, -2.32158e-05, -2.41893e-05, 0.000512191, 0.506778, 0.608476, 0.278494, 0.000946869, 0.000774306, 0.00162761
-0.0172847, 0.0139287, -0.561616, -2.32392e-05, -2.41583e-05, 0.000512195, 0.507385, 0.609251, 0.278497, 0.000946815, 0.000774277, 0.0016276
-0.0171992, 0.0140223, -0.561469, -2.32259e-05, -2.41652e-05, 0.00051219, 0.508, 0.610032, 0.278504, 0.000946761, 0.000774247, 0.0016276
-0.0175139, 0.014146, -0.561906, -2.32103e-05, -2.41401e-05, 0.000512176, 0.50861, 0.610809, 0.278505, 0.000946706, 0.000774218, 0.00162759
-0.0172861, 0.0140129, -0.561667, -2.32293e-05, -2.41601e-05, 0.000512196, 0.509219, 0.611583, 0.2785, 0.000946652, 0.000774188, 0.00162758
-0.0172439, 0.0140477, -0.561831, -2.3224e-05, -2.41613e-05, 0.000512194, 0.509827, 0.612356, 0.278498, 0.000946598, 0.000774159, 0.00162757
-0.01721, 0.0140402, -0.561658, -2.32254e-05, -2.41654e-05, 0.000512199, 0.510439, 0.613131, 0.278504, 0.000946545, 0.000774129, 0.00162756
-0.0173019, 0.0140301, -0.561584, -2.32274e-05, -2.41584e-05, 0.000512198, 0.511047, 0.613903, 0.278505, 0.000946492, 0.0007741, 0.00162755
-0.0177321, 0.0139751, -0.562063, -2.32329e-05, -2.41218e-05, 0.000512193, 0.511652, 0.614673, 0.278499, 0.000946439, 0.000774071, 0.00162755
-0.0176591, 0.0139201, -0.561941, -2.3238e-05, -2.41295e-05, 0.000512195, 0.51226, 0.615447, 0.278494, 0.000946385, 0.000774041, 0.00162754
-0.0177203, 0.0139817, -0.562276, -2.32312e-05, -2.41231e-05, 0.000512196, 0.512868, 0.616222, 0.27849, 0.000946331, 0.000774012, 0.00162753
-0.0174215, 0.0140458, -0.561938, -2.32244e-05, -2.41492e-05, 0.000512202, 0.51348, 0.617002, 0.278492, 0.000946277, 0.000773982, 0.00162752
-0.0172865, 0.0141328, -0.561849, -2.32147e-05, -2.41594e-05, 0.000512203, 0.51409, 0.617779, 0.278494, 0.000946224, 0.000773953, 0.00162751
-0.0173619, 0.0142079, -0.561898, -2.32055e-05, -2.41536e-05, 0.000512199, 0.514697, 0.618554, 0.278492, 0.000946171, 0.000773924, 0.00162751
-0.017009, 0.0141088, -0.562019, -2.32216e-05, -2.41822e-05, 0.000512216, 0.515307, 0.619334, 0.278493, 0.000946117, 0.000773895, 0.0016275
-0.0171816, 0.0141627, -0.56232, -2.32131e-05, -2.41662e-05, 0.000512211, 0.515917, 0.620115, 0.278491, 0.000946063, 0.000773866, 0.00162749
-0.0173025, 0.0141294, -0.56198, -2.32167e-05, -2.4158e-05, 0.000512211, 0.516528, 0.620897, 0.278489, 0.000946009, 0.000773836, 0.00162748
-0.0176386, 0.0140259, -0.562116, -2.32272e-05, -2.41311e-05, 0.000512207, 0.517138, 0.621677, 0.278491, 0.000945956, 0.000773807, 0.00162748
-0.0175556, 0.0142716, -0.562441, -2.31992e-05, -2.41387e-05, 0.00051221, 0.517748, 0.622457, 0.278491, 0.000945902, 0.000773779, 0.00162747
-0.0174085, 0.0141304, -0.562071, -2.32174e-05, -2.41501e-05, 0.000512212, 0.518358, 0.623236, 0.278491, 0.000945848, 0.00077375, 0.00162746
-0.0173944, 0.0141767, -0.562109, -2.32113e-05, -2.415e-05, 0.000512213, 0.518964, 0.624011, 0.278491, 0.000945796, 0.000773721, 0.00162746
