   0.999738   0.0228671 0.000460037           0
  0.0228676   -0.999738  -0.0012249           0
0.000431907   0.0012351   -0.999999           0
          0           0           0           1