   0.999851   0.0114486   0.0128998           0
  0.0113582   -0.999911  0.00706263           0
  0.0129795 -0.00691506   -0.999892           0
          0           0           0           1